  1   2  2.01e+01 2.03e+01 2.02e+01 1.94e+01 1.81e+01 1.65e+01 1.54e+01 1.38e+01 1.15e+01 8.24e+00
  1   3  5.12e+01 4.51e+01 4.03e+01 3.68e+01 3.33e+01 2.99e+01 2.75e+01 2.41e+01 1.94e+01 1.33e+01
  1   4  5.75e+00 5.64e+00 5.51e+00 5.44e+00 5.39e+00 5.30e+00 5.12e+00 4.69e+00 3.91e+00 2.78e+00
  1   5  1.71e+00 1.73e+00 1.71e+00 1.69e+00 1.68e+00 1.66e+00 1.62e+00 1.53e+00 1.39e+00 1.20e+00
  1   6  2.80e+00 2.82e+00 2.74e+00 2.69e+00 2.66e+00 2.66e+00 2.67e+00 2.70e+00 2.73e+00 2.75e+00
  1   7  2.10e+00 2.31e+00 2.36e+00 2.38e+00 2.41e+00 2.44e+00 2.46e+00 2.48e+00 2.48e+00 2.48e+00
  1   8  1.36e+00 1.68e+00 1.83e+00 1.92e+00 2.02e+00 2.13e+00 2.21e+00 2.28e+00 2.35e+00 2.41e+00
  1   9  1.62e+00 1.63e+00 1.67e+00 1.69e+00 1.73e+00 1.76e+00 1.79e+00 1.81e+00 1.82e+00 1.85e+00
  1  10  9.98e+01 9.08e+01 8.87e+01 8.74e+01 8.68e+01 8.79e+01 9.06e+01 9.75e+01 1.13e+02 1.46e+02
  1  11  1.16e+02 1.06e+02 1.03e+02 1.03e+02 1.03e+02 1.07e+02 1.11e+02 1.21e+02 1.41e+02 1.81e+02
  1  12  2.87e+01 2.90e+01 2.94e+01 2.99e+01 3.08e+01 3.27e+01 3.47e+01 3.87e+01 4.63e+01 6.15e+01
  1  13  7.80e+00 7.76e+00 7.60e+00 7.46e+00 7.28e+00 7.04e+00 6.84e+00 6.49e+00 5.92e+00 4.89e+00
  1  14  1.01e+01 1.03e+01 1.03e+01 1.04e+01 1.05e+01 1.07e+01 1.10e+01 1.16e+01 1.27e+01 1.50e+01
  1  15  2.96e+00 2.97e+00 2.94e+00 2.91e+00 2.88e+00 2.83e+00 2.77e+00 2.67e+00 2.49e+00 2.10e+00
  1  16  3.84e-01 4.03e-01 4.19e-01 4.31e-01 4.44e-01 4.64e-01 4.83e-01 5.16e-01 5.69e-01 6.51e-01
  1  17  8.84e-01 9.04e-01 9.29e-01 9.47e-01 9.67e-01 9.94e-01 1.02e+00 1.06e+00 1.12e+00 1.22e+00
  1  18  5.82e-02 6.16e-02 6.40e-02 6.57e-02 6.76e-02 7.05e-02 7.32e-02 7.82e-02 8.64e-02 1.00e-01
  1  19  9.32e-02 1.37e-01 1.36e-01 1.31e-01 1.23e-01 1.14e-01 1.09e-01 1.02e-01 9.67e-02 9.19e-02
  1  20  2.41e-01 3.61e-01 3.66e-01 3.58e-01 3.45e-01 3.30e-01 3.20e-01 3.11e-01 3.06e-01 3.05e-01
  1  21  1.12e-01 1.75e-01 1.84e-01 1.86e-01 1.87e-01 1.87e-01 1.87e-01 1.88e-01 1.89e-01 1.91e-01
  1  22  2.02e-01 3.08e-01 3.19e-01 3.19e-01 3.17e-01 3.15e-01 3.16e-01 3.19e-01 3.26e-01 3.35e-01
  1  23  1.43e-01 1.41e-01 1.41e-01 1.41e-01 1.41e-01 1.41e-01 1.40e-01 1.40e-01 1.38e-01 1.34e-01
  1  24  2.43e-01 2.62e-01 2.63e-01 2.63e-01 2.62e-01 2.62e-01 2.62e-01 2.62e-01 2.63e-01 2.63e-01
  1  25  1.82e-01 1.80e-01 1.80e-01 1.80e-01 1.80e-01 1.79e-01 1.79e-01 1.79e-01 1.78e-01 1.76e-01
  1  26  2.59e-01 2.56e-01 2.56e-01 2.55e-01 2.55e-01 2.54e-01 2.53e-01 2.52e-01 2.49e-01 2.40e-01
  1  27  2.09e-01 2.07e-01 2.06e-01 2.06e-01 2.06e-01 2.06e-01 2.06e-01 2.06e-01 2.06e-01 2.03e-01
  1  28  3.24e-01 3.21e-01 3.20e-01 3.19e-01 3.19e-01 3.19e-01 3.19e-01 3.18e-01 3.16e-01 3.09e-01
  1  29  2.26e-01 2.24e-01 2.23e-01 2.23e-01 2.23e-01 2.24e-01 2.24e-01 2.24e-01 2.24e-01 2.23e-01
  1  30  1.78e-01 1.76e-01 1.75e-01 1.75e-01 1.75e-01 1.75e-01 1.75e-01 1.75e-01 1.74e-01 1.73e-01
  1  31  1.73e-01 1.71e-01 1.71e-01 1.71e-01 1.71e-01 1.71e-01 1.70e-01 1.70e-01 1.70e-01 1.68e-01
  1  32  1.85e-01 1.82e-01 1.82e-01 1.82e-01 1.82e-01 1.81e-01 1.81e-01 1.81e-01 1.80e-01 1.78e-01
  1  33  9.68e-02 9.59e-02 9.55e-02 9.54e-02 9.54e-02 9.54e-02 9.54e-02 9.54e-02 9.52e-02 9.42e-02
  1  34  6.97e-02 6.78e-02 6.82e-02 6.86e-02 6.91e-02 6.94e-02 6.95e-02 6.93e-02 6.87e-02 6.64e-02
  1  35  1.21e-02 1.18e-02 1.19e-02 1.20e-02 1.20e-02 1.21e-02 1.21e-02 1.21e-02 1.20e-02 1.16e-02
  1  36  1.42e-01 1.35e-01 1.31e-01 1.27e-01 1.22e-01 1.16e-01 1.13e-01 1.08e-01 1.03e-01 9.85e-02
  1  37  9.82e-02 9.65e-02 9.64e-02 9.64e-02 9.63e-02 9.61e-02 9.58e-02 9.53e-02 9.42e-02 9.13e-02
  1  38  1.11e-01 1.09e-01 1.09e-01 1.09e-01 1.09e-01 1.09e-01 1.09e-01 1.09e-01 1.09e-01 1.08e-01
  2   3  1.72e+01 1.83e+01 1.81e+01 1.73e+01 1.63e+01 1.58e+01 1.64e+01 1.92e+01 2.59e+01 3.84e+01
  2   4  6.20e+00 6.58e+00 6.42e+00 6.26e+00 6.15e+00 6.13e+00 6.12e+00 6.02e+00 5.68e+00 5.04e+00
  2   5  2.38e+00 2.20e+00 2.17e+00 2.19e+00 2.24e+00 2.34e+00 2.41e+00 2.45e+00 2.35e+00 2.04e+00
  2   6  4.19e+00 3.93e+00 3.81e+00 3.83e+00 4.04e+00 4.65e+00 5.21e+00 5.82e+00 5.91e+00 5.09e+00
  2   7  3.85e+00 4.12e+00 4.23e+00 4.32e+00 4.60e+00 5.29e+00 5.91e+00 6.53e+00 6.46e+00 5.25e+00
  2   8  2.91e+00 2.88e+00 2.99e+00 3.18e+00 3.56e+00 4.22e+00 4.69e+00 5.08e+00 4.93e+00 4.05e+00
  2   9  2.71e+00 2.19e+00 2.07e+00 2.20e+00 2.66e+00 3.50e+00 4.07e+00 4.50e+00 4.26e+00 3.20e+00
  2  10  1.08e+01 1.05e+01 9.94e+00 9.54e+00 9.18e+00 8.92e+00 8.87e+00 9.00e+00 9.56e+00 1.11e+01
  2  11  9.77e+00 8.87e+00 8.43e+00 8.26e+00 8.20e+00 8.25e+00 8.35e+00 8.64e+00 9.33e+00 1.10e+01
  2  12  5.55e+00 5.01e+00 4.80e+00 4.74e+00 4.74e+00 4.86e+00 5.03e+00 5.44e+00 6.28e+00 8.07e+00
  2  13  9.99e+00 1.10e+01 1.14e+01 1.18e+01 1.21e+01 1.25e+01 1.29e+01 1.35e+01 1.47e+01 1.74e+01
  2  14  1.94e+01 2.15e+01 2.24e+01 2.30e+01 2.36e+01 2.46e+01 2.56e+01 2.77e+01 3.18e+01 4.06e+01
  2  15  2.11e+00 2.30e+00 2.39e+00 2.47e+00 2.53e+00 2.53e+00 2.49e+00 2.38e+00 2.23e+00 2.04e+00
  2  16  3.85e-01 5.95e-01 8.93e-01 1.08e+00 1.19e+00 1.17e+00 1.08e+00 9.15e-01 6.91e-01 4.51e-01
  2  17  1.68e+00 2.89e+00 4.73e+00 5.91e+00 6.60e+00 6.52e+00 6.05e+00 5.08e+00 3.80e+00 2.45e+00
  2  18  4.11e-02 5.24e-02 6.25e-02 6.78e-02 6.97e-02 6.68e-02 6.22e-02 5.39e-02 4.29e-02 3.08e-02
  2  19  1.33e+00 1.87e+00 1.76e+00 1.61e+00 1.40e+00 1.17e+00 1.01e+00 8.32e-01 6.61e-01 5.06e-01
  2  20  5.14e+00 8.19e+00 8.86e+00 9.18e+00 9.48e+00 9.87e+00 1.02e+01 1.08e+01 1.19e+01 1.42e+01
  2  21  7.67e-01 1.19e+00 1.25e+00 1.27e+00 1.27e+00 1.27e+00 1.27e+00 1.28e+00 1.29e+00 1.31e+00
  2  22  1.17e+00 1.75e+00 1.77e+00 1.74e+00 1.67e+00 1.59e+00 1.54e+00 1.47e+00 1.42e+00 1.34e+00
  2  23  2.36e+00 2.34e+00 2.34e+00 2.34e+00 2.36e+00 2.39e+00 2.43e+00 2.52e+00 2.70e+00 3.16e+00
  2  24  4.35e+00 4.39e+00 4.39e+00 4.40e+00 4.43e+00 4.49e+00 4.57e+00 4.74e+00 5.11e+00 6.06e+00
  2  25  1.96e+00 1.94e+00 1.94e+00 1.94e+00 1.95e+00 1.97e+00 1.99e+00 2.04e+00 2.14e+00 2.39e+00
  2  26  3.73e+00 3.69e+00 3.69e+00 3.69e+00 3.70e+00 3.72e+00 3.74e+00 3.79e+00 3.90e+00 4.17e+00
  2  27  2.14e+00 2.12e+00 2.13e+00 2.16e+00 2.21e+00 2.31e+00 2.41e+00 2.60e+00 2.92e+00 3.56e+00
  2  28  7.50e+00 7.45e+00 7.49e+00 7.59e+00 7.80e+00 8.19e+00 8.59e+00 9.36e+00 1.07e+01 1.37e+01
  2  29  1.02e+00 1.01e+00 1.00e+00 1.00e+00 1.00e+00 1.01e+00 1.01e+00 1.01e+00 1.02e+00 1.02e+00
  2  30  2.28e-01 2.25e-01 2.24e-01 2.24e-01 2.24e-01 2.23e-01 2.23e-01 2.23e-01 2.22e-01 2.19e-01
  2  31  2.24e-01 2.21e-01 2.20e-01 2.20e-01 2.20e-01 2.20e-01 2.20e-01 2.22e-01 2.28e-01 2.42e-01
  2  32  7.32e-01 7.23e-01 7.25e-01 7.31e-01 7.47e-01 7.81e-01 8.18e-01 8.91e-01 1.03e+00 1.33e+00
  2  33  3.09e-01 3.06e-01 3.04e-01 3.05e-01 3.08e-01 3.17e-01 3.29e-01 3.57e-01 4.15e-01 5.54e-01
  2  34  2.83e-01 2.67e-01 2.59e-01 2.53e-01 2.47e-01 2.43e-01 2.43e-01 2.48e-01 2.59e-01 2.79e-01
  2  35  3.28e-02 3.09e-02 2.99e-02 2.91e-02 2.83e-02 2.75e-02 2.71e-02 2.69e-02 2.68e-02 2.67e-02
  2  36  1.17e-01 1.11e-01 1.09e-01 1.07e-01 1.04e-01 1.01e-01 9.89e-02 9.60e-02 9.37e-02 9.22e-02
  2  37  1.95e-01 1.91e-01 1.91e-01 1.92e-01 1.95e-01 2.01e-01 2.09e-01 2.26e-01 2.65e-01 3.57e-01
  2  38  4.75e-01 4.66e-01 4.67e-01 4.67e-01 4.70e-01 4.74e-01 4.80e-01 4.93e-01 5.20e-01 5.87e-01
  3   4  5.60e+00 5.47e+00 5.26e+00 5.24e+00 5.50e+00 6.17e+00 6.91e+00 8.66e+00 1.28e+01 2.04e+01
  3   5  1.68e+00 1.69e+00 1.76e+00 1.84e+00 1.94e+00 2.03e+00 2.06e+00 2.00e+00 1.80e+00 1.47e+00
  3   6  2.11e+00 2.39e+00 2.56e+00 2.64e+00 2.67e+00 2.65e+00 2.58e+00 2.42e+00 2.08e+00 1.55e+00
  3   7  2.01e+00 2.33e+00 2.55e+00 2.71e+00 2.88e+00 3.04e+00 3.11e+00 3.08e+00 2.78e+00 2.15e+00
  3   8  2.14e+00 2.43e+00 2.66e+00 2.79e+00 2.89e+00 2.94e+00 2.92e+00 2.77e+00 2.40e+00 1.79e+00
  3   9  3.49e+00 3.00e+00 2.87e+00 2.84e+00 2.85e+00 2.87e+00 2.84e+00 2.68e+00 2.28e+00 1.64e+00
  3  10  1.07e+01 1.40e+01 1.37e+01 1.30e+01 1.20e+01 1.07e+01 9.86e+00 8.66e+00 7.24e+00 5.45e+00
  3  11  2.34e+01 2.15e+01 1.90e+01 1.72e+01 1.54e+01 1.36e+01 1.25e+01 1.11e+01 9.46e+00 7.28e+00
  3  12  7.19e+00 6.48e+00 5.80e+00 5.34e+00 4.87e+00 4.40e+00 4.10e+00 3.70e+00 3.21e+00 2.52e+00
  3  13  6.85e+01 7.17e+01 7.20e+01 7.25e+01 7.38e+01 7.68e+01 8.03e+01 8.74e+01 1.01e+02 1.28e+02
  3  14  4.45e+01 4.64e+01 4.67e+01 4.72e+01 4.84e+01 5.09e+01 5.36e+01 5.92e+01 6.94e+01 8.98e+01
  3  15  2.50e+01 2.69e+01 2.75e+01 2.80e+01 2.89e+01 3.06e+01 3.25e+01 3.61e+01 4.30e+01 5.63e+01
  3  16  3.32e-01 4.62e-01 6.12e-01 7.02e-01 7.52e-01 7.42e-01 6.98e-01 6.06e-01 4.79e-01 3.38e-01
  3  17  2.56e+00 3.00e+00 3.41e+00 3.68e+00 3.90e+00 4.03e+00 4.10e+00 4.24e+00 4.59e+00 5.50e+00
  3  18  4.15e-02 4.88e-02 5.57e-02 5.99e-02 6.29e-02 6.33e-02 6.14e-02 5.60e-02 4.70e-02 3.56e-02
  3  19  2.83e-01 4.00e-01 3.80e-01 3.49e-01 3.09e-01 2.63e-01 2.34e-01 2.00e-01 1.70e-01 1.50e-01
  3  20  4.89e-01 7.21e-01 7.17e-01 6.89e-01 6.46e-01 5.90e-01 5.50e-01 4.95e-01 4.31e-01 3.58e-01
  3  21  9.03e-01 1.46e+00 1.60e+00 1.68e+00 1.77e+00 1.90e+00 2.01e+00 2.22e+00 2.56e+00 3.17e+00
  3  22  2.25e-01 3.40e-01 3.47e-01 3.42e-01 3.33e-01 3.21e-01 3.13e-01 3.05e-01 2.98e-01 2.86e-01
  3  23  4.65e-01 4.60e-01 4.60e-01 4.60e-01 4.62e-01 4.67e-01 4.73e-01 4.86e-01 5.14e-01 5.87e-01
  3  24  8.99e-01 9.90e-01 9.94e-01 9.90e-01 9.85e-01 9.86e-01 9.95e-01 1.02e+00 1.08e+00 1.24e+00
  3  25  1.14e+00 1.13e+00 1.13e+00 1.14e+00 1.15e+00 1.18e+00 1.21e+00 1.28e+00 1.40e+00 1.69e+00
  3  26  5.77e-01 5.71e-01 5.70e-01 5.70e-01 5.69e-01 5.70e-01 5.72e-01 5.77e-01 5.92e-01 6.37e-01
  3  27  1.18e+00 1.17e+00 1.18e+00 1.20e+00 1.24e+00 1.32e+00 1.40e+00 1.55e+00 1.82e+00 2.34e+00
  3  28  1.42e+00 1.41e+00 1.41e+00 1.42e+00 1.43e+00 1.47e+00 1.50e+00 1.57e+00 1.70e+00 1.97e+00
  3  29  4.24e-01 4.21e-01 4.21e-01 4.25e-01 4.33e-01 4.48e-01 4.64e-01 4.93e-01 5.44e-01 6.41e-01
  3  30  3.90e-01 3.85e-01 3.85e-01 3.85e-01 3.87e-01 3.90e-01 3.95e-01 4.07e-01 4.31e-01 4.96e-01
  3  31  1.52e-01 1.50e-01 1.50e-01 1.50e-01 1.52e-01 1.56e-01 1.60e-01 1.67e-01 1.82e-01 2.14e-01
  3  32  2.33e-01 2.30e-01 2.30e-01 2.30e-01 2.30e-01 2.30e-01 2.29e-01 2.30e-01 2.33e-01 2.48e-01
  3  33  2.37e-01 2.34e-01 2.28e-01 2.22e-01 2.13e-01 1.98e-01 1.86e-01 1.69e-01 1.50e-01 1.35e-01
  3  34  8.60e-02 8.35e-02 8.24e-02 8.14e-02 8.04e-02 7.95e-02 7.93e-02 8.03e-02 8.45e-02 9.74e-02
  3  35  2.97e-02 2.81e-02 2.74e-02 2.69e-02 2.65e-02 2.66e-02 2.70e-02 2.83e-02 3.09e-02 3.53e-02
  3  36  9.73e-02 9.16e-02 8.82e-02 8.53e-02 8.18e-02 7.83e-02 7.69e-02 7.75e-02 8.69e-02 1.40e-01
  3  37  4.17e-02 4.10e-02 4.09e-02 4.09e-02 4.10e-02 4.16e-02 4.25e-02 4.53e-02 5.24e-02 7.38e-02
  3  38  6.37e-02 6.26e-02 6.29e-02 6.36e-02 6.55e-02 6.99e-02 7.52e-02 8.68e-02 1.11e-01 1.83e-01
  4   5  8.09e+00 7.89e+00 7.81e+00 7.73e+00 7.68e+00 7.66e+00 7.66e+00 7.58e+00 7.23e+00 6.27e+00
  4   6  6.00e-01 5.44e-01 5.57e-01 5.90e-01 6.52e-01 7.58e-01 8.34e-01 8.92e-01 8.41e-01 6.32e-01
  4   7  1.33e+00 1.45e+00 1.55e+00 1.63e+00 1.74e+00 1.90e+00 2.00e+00 2.07e+00 1.95e+00 1.57e+00
  4   8  5.19e-01 6.26e-01 7.47e-01 8.33e-01 9.18e-01 9.94e-01 1.02e+00 9.91e-01 8.59e-01 6.12e-01
  4   9  3.35e+00 2.91e+00 2.80e+00 2.79e+00 2.79e+00 2.76e+00 2.67e+00 2.45e+00 2.06e+00 1.51e+00
  4  10  4.11e+00 4.11e+00 3.75e+00 3.44e+00 3.09e+00 2.70e+00 2.44e+00 2.10e+00 1.72e+00 1.29e+00
  4  11  4.98e+00 4.48e+00 3.96e+00 3.60e+00 3.25e+00 2.88e+00 2.65e+00 2.37e+00 2.07e+00 1.73e+00
  4  12  2.05e+00 1.90e+00 1.70e+00 1.56e+00 1.42e+00 1.28e+00 1.19e+00 1.08e+00 9.59e-01 8.12e-01
  4  13  1.03e+01 8.42e+00 7.34e+00 6.74e+00 6.25e+00 5.90e+00 5.78e+00 5.80e+00 6.14e+00 7.15e+00
  4  14  1.04e+01 1.02e+01 9.98e+00 9.86e+00 9.81e+00 9.91e+00 1.01e+01 1.06e+01 1.15e+01 1.34e+01
  4  15  1.79e+01 1.91e+01 1.91e+01 1.92e+01 1.95e+01 2.03e+01 2.12e+01 2.29e+01 2.58e+01 3.11e+01
  4  16  7.89e-01 9.04e-01 1.03e+00 1.09e+00 1.12e+00 1.11e+00 1.08e+00 1.01e+00 9.01e-01 7.50e-01
  4  17  4.82e+00 5.18e+00 5.35e+00 5.48e+00 5.63e+00 5.86e+00 6.09e+00 6.53e+00 7.30e+00 8.79e+00
  4  18  1.37e-01 1.54e-01 1.66e-01 1.72e-01 1.73e-01 1.70e-01 1.64e-01 1.53e-01 1.36e-01 1.17e-01
  4  19  1.05e+00 1.62e+00 1.71e+00 1.74e+00 1.77e+00 1.84e+00 1.93e+00 2.15e+00 2.70e+00 4.20e+00
  4  20  9.53e-01 1.35e+00 1.29e+00 1.19e+00 1.06e+00 9.21e-01 8.35e-01 7.50e-01 7.13e-01 8.15e-01
  4  21  2.59e-01 3.61e-01 3.36e-01 3.03e-01 2.60e-01 2.11e-01 1.78e-01 1.40e-01 1.04e-01 7.38e-02
  4  22  1.82e-01 2.54e-01 2.38e-01 2.18e-01 1.93e-01 1.65e-01 1.46e-01 1.21e-01 9.45e-02 6.79e-02
  4  23  2.86e-01 2.83e-01 2.83e-01 2.83e-01 2.85e-01 2.88e-01 2.92e-01 2.99e-01 3.14e-01 3.42e-01
  4  24  1.42e+00 1.42e+00 1.43e+00 1.44e+00 1.48e+00 1.58e+00 1.69e+00 1.94e+00 2.51e+00 4.10e+00
  4  25  3.08e+00 3.06e+00 3.06e+00 3.06e+00 3.08e+00 3.13e+00 3.18e+00 3.29e+00 3.53e+00 4.12e+00
  4  26  3.51e-01 3.48e-01 3.47e-01 3.47e-01 3.46e-01 3.45e-01 3.44e-01 3.41e-01 3.37e-01 3.27e-01
  4  27  1.02e-01 1.01e-01 1.00e-01 1.00e-01 1.01e-01 1.02e-01 1.04e-01 1.08e-01 1.14e-01 1.28e-01
  4  28  1.83e-01 1.81e-01 1.79e-01 1.78e-01 1.76e-01 1.76e-01 1.76e-01 1.76e-01 1.76e-01 1.77e-01
  4  29  4.07e-02 4.02e-02 3.96e-02 3.89e-02 3.80e-02 3.66e-02 3.55e-02 3.41e-02 3.31e-02 3.29e-02
  4  30  2.73e+00 2.69e+00 2.69e+00 2.70e+00 2.71e+00 2.74e+00 2.78e+00 2.87e+00 3.05e+00 3.52e+00
  4  31  5.06e-01 4.99e-01 4.99e-01 4.99e-01 4.98e-01 4.98e-01 4.98e-01 4.97e-01 4.97e-01 4.91e-01
  4  32  2.12e+00 2.09e+00 2.09e+00 2.09e+00 2.11e+00 2.14e+00 2.19e+00 2.27e+00 2.46e+00 2.90e+00
  4  33  2.02e+00 2.00e+00 1.99e+00 2.00e+00 2.02e+00 2.05e+00 2.09e+00 2.16e+00 2.31e+00 2.69e+00
  4  34  6.10e-01 5.83e-01 5.73e-01 5.65e-01 5.56e-01 5.46e-01 5.40e-01 5.34e-01 5.28e-01 5.15e-01
  4  35  5.45e-02 5.22e-02 5.18e-02 5.15e-02 5.12e-02 5.07e-02 5.04e-02 5.00e-02 4.92e-02 4.69e-02
  4  36  7.96e-01 8.05e-01 8.48e-01 8.90e-01 9.49e-01 1.04e+00 1.12e+00 1.27e+00 1.55e+00 2.15e+00
  4  37  7.33e-01 7.20e-01 7.20e-01 7.21e-01 7.24e-01 7.32e-01 7.41e-01 7.60e-01 8.02e-01 9.08e-01
  4  38  2.10e-01 2.06e-01 2.06e-01 2.06e-01 2.06e-01 2.05e-01 2.05e-01 2.04e-01 2.02e-01 1.97e-01
  5   6  3.49e+00 3.63e+00 3.89e+00 4.16e+00 4.51e+00 4.99e+00 5.28e+00 5.46e+00 5.15e+00 4.13e+00
  5   7  2.76e+00 3.22e+00 3.36e+00 3.36e+00 3.32e+00 3.23e+00 3.15e+00 2.95e+00 2.55e+00 1.93e+00
  5   8  1.46e+00 1.79e+00 1.97e+00 2.04e+00 2.06e+00 2.03e+00 1.97e+00 1.82e+00 1.56e+00 1.22e+00
  5   9  7.29e+00 5.34e+00 4.45e+00 4.03e+00 3.71e+00 3.39e+00 3.14e+00 2.73e+00 2.16e+00 1.49e+00
  5  10  1.49e+00 1.28e+00 1.18e+00 1.13e+00 1.09e+00 1.03e+00 9.64e-01 8.52e-01 6.96e-01 5.10e-01
  5  11  9.00e-01 8.79e-01 9.02e-01 9.16e-01 9.11e-01 8.68e-01 8.15e-01 7.24e-01 6.10e-01 4.85e-01
  5  12  3.26e-01 3.58e-01 3.86e-01 3.91e-01 3.82e-01 3.54e-01 3.26e-01 2.82e-01 2.31e-01 1.78e-01
  5  13  2.59e+00 2.38e+00 2.23e+00 2.12e+00 2.00e+00 1.85e+00 1.75e+00 1.61e+00 1.47e+00 1.35e+00
  5  14  1.87e+00 2.23e+00 2.37e+00 2.39e+00 2.35e+00 2.22e+00 2.10e+00 1.92e+00 1.73e+00 1.58e+00
  5  15  2.76e+00 3.02e+00 2.98e+00 2.95e+00 2.95e+00 3.00e+00 3.09e+00 3.29e+00 3.74e+00 4.75e+00
  5  16  1.17e+00 1.44e+00 1.57e+00 1.60e+00 1.55e+00 1.43e+00 1.32e+00 1.16e+00 9.95e-01 8.57e-01
  5  17  1.69e+00 1.62e+00 1.59e+00 1.56e+00 1.51e+00 1.45e+00 1.40e+00 1.36e+00 1.35e+00 1.48e+00
  5  18  1.93e-01 2.62e-01 3.00e-01 3.10e-01 3.05e-01 2.86e-01 2.68e-01 2.40e-01 2.08e-01 1.79e-01
  5  19  1.73e+01 2.74e+01 2.94e+01 3.03e+01 3.10e+01 3.20e+01 3.28e+01 3.45e+01 3.74e+01 4.35e+01
  5  20  2.69e+00 4.20e+00 4.48e+00 4.59e+00 4.71e+00 4.91e+00 5.13e+00 5.57e+00 6.42e+00 8.09e+00
  5  21  2.45e-01 3.42e-01 3.18e-01 2.86e-01 2.45e-01 1.98e-01 1.68e-01 1.31e-01 9.81e-02 7.08e-02
  5  22  1.87e-01 2.64e-01 2.51e-01 2.30e-01 2.02e-01 1.70e-01 1.48e-01 1.22e-01 9.62e-02 7.38e-02
  5  23  4.40e-01 4.36e-01 4.35e-01 4.35e-01 4.36e-01 4.39e-01 4.42e-01 4.49e-01 4.69e-01 5.29e-01
  5  24  4.18e+01 4.15e+01 4.15e+01 4.17e+01 4.20e+01 4.29e+01 4.39e+01 4.59e+01 4.97e+01 5.82e+01
  5  25  1.70e+00 1.68e+00 1.69e+00 1.69e+00 1.71e+00 1.76e+00 1.81e+00 1.91e+00 2.13e+00 2.66e+00
  5  26  1.78e-01 1.76e-01 1.76e-01 1.75e-01 1.75e-01 1.73e-01 1.72e-01 1.68e-01 1.64e-01 1.59e-01
  5  27  5.41e-02 5.34e-02 5.27e-02 5.21e-02 5.14e-02 5.04e-02 4.98e-02 4.94e-02 5.03e-02 5.35e-02
  5  28  1.59e-01 1.57e-01 1.55e-01 1.53e-01 1.50e-01 1.46e-01 1.43e-01 1.41e-01 1.47e-01 1.69e-01
  5  29  5.04e-02 4.99e-02 4.96e-02 4.95e-02 4.93e-02 4.92e-02 4.92e-02 4.92e-02 4.94e-02 5.01e-02
  5  30  1.08e+00 1.07e+00 1.07e+00 1.07e+00 1.09e+00 1.12e+00 1.15e+00 1.22e+00 1.37e+00 1.71e+00
  5  31  3.36e-01 3.32e-01 3.32e-01 3.33e-01 3.37e-01 3.46e-01 3.55e-01 3.74e-01 4.10e-01 4.87e-01
  5  32  4.88e-01 4.81e-01 4.81e-01 4.82e-01 4.84e-01 4.89e-01 4.95e-01 5.09e-01 5.39e-01 6.22e-01
  5  33  4.56e-01 4.53e-01 4.54e-01 4.58e-01 4.65e-01 4.79e-01 4.94e-01 5.26e-01 5.89e-01 7.40e-01
  5  34  2.92e-01 2.86e-01 2.86e-01 2.87e-01 2.89e-01 2.92e-01 2.97e-01 3.05e-01 3.23e-01 3.68e-01
  5  35  7.21e-02 6.82e-02 6.65e-02 6.52e-02 6.37e-02 6.22e-02 6.13e-02 6.03e-02 5.91e-02 5.65e-02
  5  36  3.08e-01 3.08e-01 3.19e-01 3.31e-01 3.49e-01 3.77e-01 4.05e-01 4.63e-01 5.84e-01 9.18e-01
  5  37  1.87e-01 1.84e-01 1.84e-01 1.84e-01 1.86e-01 1.89e-01 1.93e-01 2.03e-01 2.25e-01 2.89e-01
  5  38  9.94e-02 9.76e-02 9.76e-02 9.77e-02 9.79e-02 9.85e-02 9.92e-02 1.01e-01 1.04e-01 1.12e-01
  6   7  1.30e+01 1.48e+01 1.61e+01 1.70e+01 1.84e+01 2.07e+01 2.23e+01 2.34e+01 2.18e+01 1.66e+01
  6   8  9.16e+00 1.01e+01 1.03e+01 1.06e+01 1.13e+01 1.25e+01 1.33e+01 1.36e+01 1.25e+01 9.91e+00
  6   9  7.21e+00 5.53e+00 4.74e+00 4.57e+00 4.83e+00 5.50e+00 5.93e+00 6.09e+00 5.48e+00 3.99e+00
  6  10  1.19e+00 1.15e+00 1.23e+00 1.33e+00 1.44e+00 1.52e+00 1.52e+00 1.43e+00 1.23e+00 9.36e-01
  6  11  6.70e-01 9.18e-01 1.16e+00 1.32e+00 1.43e+00 1.44e+00 1.38e+00 1.22e+00 9.87e-01 7.17e-01
  6  12  4.33e-01 6.83e-01 8.00e-01 8.34e-01 8.32e-01 7.84e-01 7.24e-01 6.19e-01 4.80e-01 3.28e-01
  6  13  1.10e+00 1.53e+00 1.67e+00 1.74e+00 1.76e+00 1.69e+00 1.56e+00 1.32e+00 1.01e+00 6.54e-01
  6  14  8.61e-01 1.47e+00 1.69e+00 1.76e+00 1.75e+00 1.62e+00 1.47e+00 1.23e+00 9.24e-01 6.05e-01
  6  15  5.43e-01 6.30e-01 6.39e-01 6.44e-01 6.39e-01 6.08e-01 5.71e-01 5.12e-01 4.60e-01 4.79e-01
  6  16  8.99e-01 1.26e+00 1.61e+00 1.79e+00 1.84e+00 1.74e+00 1.59e+00 1.33e+00 1.02e+00 7.11e-01
  6  17  4.24e+00 5.69e+00 6.93e+00 7.44e+00 7.48e+00 6.94e+00 6.31e+00 5.32e+00 4.20e+00 3.16e+00
  6  18  7.11e-02 9.25e-02 1.08e-01 1.13e-01 1.11e-01 1.01e-01 9.18e-02 7.65e-02 5.81e-02 3.83e-02
  6  19  3.52e+00 5.55e+00 5.94e+00 6.10e+00 6.23e+00 6.39e+00 6.53e+00 6.82e+00 7.34e+00 8.44e+00
  6  20  2.32e+01 3.72e+01 4.05e+01 4.21e+01 4.37e+01 4.56e+01 4.71e+01 4.99e+01 5.53e+01 6.85e+01
  6  21  4.05e+01 6.54e+01 7.16e+01 7.49e+01 7.83e+01 8.24e+01 8.59e+01 9.19e+01 1.02e+02 1.25e+02
  6  22  5.37e+01 8.68e+01 9.53e+01 1.00e+02 1.05e+02 1.11e+02 1.16e+02 1.25e+02 1.40e+02 1.73e+02
  6  23  1.97e-01 1.96e-01 1.95e-01 1.95e-01 1.94e-01 1.92e-01 1.90e-01 1.88e-01 1.87e-01 1.96e-01
  6  24  6.34e+00 7.34e+00 7.56e+00 7.68e+00 7.82e+00 8.07e+00 8.33e+00 8.84e+00 9.81e+00 1.18e+01
  6  25  4.23e+00 4.20e+00 4.21e+00 4.26e+00 4.35e+00 4.55e+00 4.78e+00 5.21e+00 5.98e+00 7.47e+00
  6  26  1.67e+01 1.66e+01 1.66e+01 1.66e+01 1.68e+01 1.70e+01 1.74e+01 1.81e+01 1.96e+01 2.34e+01
  6  27  2.01e+00 1.99e+00 1.99e+00 1.99e+00 2.01e+00 2.04e+00 2.07e+00 2.13e+00 2.27e+00 2.61e+00
  6  28  7.25e-01 7.17e-01 7.12e-01 7.07e-01 7.01e-01 6.89e-01 6.79e-01 6.64e-01 6.53e-01 6.60e-01
  6  29  5.94e+00 5.89e+00 5.89e+00 5.91e+00 5.96e+00 6.07e+00 6.18e+00 6.39e+00 6.83e+00 7.89e+00
  6  30  3.50e-01 3.46e-01 3.45e-01 3.45e-01 3.47e-01 3.50e-01 3.54e-01 3.62e-01 3.79e-01 4.25e-01
  6  31  1.16e-01 1.15e-01 1.14e-01 1.14e-01 1.13e-01 1.11e-01 1.10e-01 1.11e-01 1.19e-01 1.44e-01
  6  32  1.06e-01 1.05e-01 1.05e-01 1.05e-01 1.04e-01 1.04e-01 1.03e-01 1.04e-01 1.10e-01 1.31e-01
  6  33  1.74e-01 1.72e-01 1.70e-01 1.68e-01 1.65e-01 1.61e-01 1.59e-01 1.60e-01 1.68e-01 1.96e-01
  6  34  3.69e-01 3.77e-01 4.03e-01 4.27e-01 4.53e-01 4.87e-01 5.25e-01 6.31e-01 9.51e-01 2.10e+00
  6  35  2.51e-02 2.42e-02 2.42e-02 2.42e-02 2.41e-02 2.39e-02 2.37e-02 2.36e-02 2.38e-02 2.55e-02
  6  36  6.49e-02 6.25e-02 6.19e-02 6.13e-02 6.06e-02 6.00e-02 6.01e-02 6.16e-02 6.92e-02 1.04e-01
  6  37  8.66e-02 8.51e-02 8.49e-02 8.48e-02 8.47e-02 8.52e-02 8.64e-02 9.06e-02 1.02e-01 1.30e-01
  6  38  1.49e-01 1.47e-01 1.46e-01 1.46e-01 1.46e-01 1.46e-01 1.46e-01 1.47e-01 1.50e-01 1.60e-01
  7   8  9.76e+00 1.14e+01 1.20e+01 1.25e+01 1.33e+01 1.46e+01 1.54e+01 1.56e+01 1.43e+01 1.08e+01
  7   9  1.40e+01 1.16e+01 1.05e+01 1.02e+01 1.03e+01 1.08e+01 1.11e+01 1.09e+01 9.61e+00 7.31e+00
  7  10  2.12e+00 1.79e+00 1.68e+00 1.69e+00 1.75e+00 1.85e+00 1.87e+00 1.80e+00 1.56e+00 1.18e+00
  7  11  5.71e-01 7.94e-01 1.11e+00 1.35e+00 1.57e+00 1.68e+00 1.65e+00 1.50e+00 1.22e+00 8.57e-01
  7  12  2.97e-01 3.97e-01 5.13e-01 5.91e-01 6.57e-01 6.92e-01 6.82e-01 6.25e-01 5.15e-01 3.66e-01
  7  13  1.09e+00 1.53e+00 1.78e+00 1.93e+00 2.02e+00 2.00e+00 1.90e+00 1.68e+00 1.40e+00 1.17e+00
  7  14  1.65e+00 2.56e+00 2.93e+00 3.06e+00 3.08e+00 2.94e+00 2.77e+00 2.46e+00 2.09e+00 1.76e+00
  7  15  6.60e-01 9.69e-01 1.02e+00 1.05e+00 1.06e+00 1.02e+00 9.45e-01 8.07e-01 6.17e-01 4.04e-01
  7  16  1.71e+00 2.15e+00 2.65e+00 2.93e+00 3.03e+00 2.89e+00 2.66e+00 2.28e+00 1.81e+00 1.36e+00
  7  17  4.48e+00 5.22e+00 6.55e+00 7.38e+00 7.76e+00 7.45e+00 6.87e+00 5.82e+00 4.50e+00 3.18e+00
  7  18  1.74e-01 1.96e-01 2.15e-01 2.23e-01 2.22e-01 2.07e-01 1.91e-01 1.66e-01 1.35e-01 1.05e-01
  7  19  1.86e+00 2.59e+00 2.41e+00 2.16e+00 1.84e+00 1.47e+00 1.23e+00 9.39e-01 6.72e-01 4.59e-01
  7  20  1.67e+01 2.53e+01 2.60e+01 2.58e+01 2.54e+01 2.50e+01 2.51e+01 2.57e+01 2.77e+01 3.28e+01
  7  21  9.26e+00 1.45e+01 1.54e+01 1.57e+01 1.61e+01 1.66e+01 1.73e+01 1.86e+01 2.12e+01 2.69e+01
  7  22  1.36e+01 2.07e+01 2.14e+01 2.13e+01 2.10e+01 2.05e+01 2.03e+01 2.03e+01 2.09e+01 2.38e+01
  7  23  5.84e+01 5.79e+01 5.79e+01 5.79e+01 5.83e+01 5.90e+01 5.98e+01 6.15e+01 6.51e+01 7.44e+01
  7  24  1.29e+01 2.06e+01 2.27e+01 2.38e+01 2.52e+01 2.70e+01 2.86e+01 3.15e+01 3.65e+01 4.61e+01
  7  25  4.26e+01 4.22e+01 4.22e+01 4.23e+01 4.26e+01 4.32e+01 4.39e+01 4.55e+01 4.88e+01 5.73e+01
  7  26  6.76e+01 6.70e+01 6.69e+01 6.70e+01 6.73e+01 6.81e+01 6.89e+01 7.08e+01 7.47e+01 8.45e+01
  7  27  1.57e+00 1.57e+00 1.58e+00 1.62e+00 1.69e+00 1.82e+00 1.97e+00 2.29e+00 2.98e+00 4.81e+00
  7  28  7.67e+00 7.60e+00 7.62e+00 7.66e+00 7.75e+00 7.95e+00 8.16e+00 8.61e+00 9.53e+00 1.17e+01
  7  29  8.37e-01 8.30e-01 8.30e-01 8.34e-01 8.44e-01 8.62e-01 8.81e-01 9.20e-01 9.96e-01 1.18e+00
  7  30  1.29e+00 1.28e+00 1.28e+00 1.29e+00 1.30e+00 1.32e+00 1.34e+00 1.39e+00 1.48e+00 1.72e+00
  7  31  1.13e+00 1.12e+00 1.12e+00 1.12e+00 1.12e+00 1.13e+00 1.13e+00 1.15e+00 1.20e+00 1.31e+00
  7  32  2.02e+00 2.00e+00 2.00e+00 2.00e+00 2.00e+00 2.02e+00 2.04e+00 2.08e+00 2.17e+00 2.43e+00
  7  33  2.56e-01 2.53e-01 2.50e-01 2.47e-01 2.42e-01 2.37e-01 2.35e-01 2.42e-01 2.82e-01 4.51e-01
  7  34  2.16e-01 2.11e-01 2.14e-01 2.16e-01 2.20e-01 2.26e-01 2.35e-01 2.68e-01 3.75e-01 7.97e-01
  7  35  7.61e-02 7.79e-02 8.38e-02 8.89e-02 9.47e-02 1.02e-01 1.11e-01 1.33e-01 2.00e-01 4.43e-01
  7  36  7.58e-02 7.18e-02 6.93e-02 6.71e-02 6.45e-02 6.15e-02 5.97e-02 5.80e-02 5.82e-02 6.17e-02
  7  37  8.80e-02 8.64e-02 8.65e-02 8.69e-02 8.79e-02 9.02e-02 9.31e-02 1.00e-01 1.16e-01 1.61e-01
  7  38  1.57e-01 1.54e-01 1.55e-01 1.58e-01 1.63e-01 1.74e-01 1.89e-01 2.28e-01 3.35e-01 7.51e-01
  8   9  1.68e+01 1.62e+01 1.63e+01 1.67e+01 1.74e+01 1.82e+01 1.85e+01 1.78e+01 1.54e+01 1.12e+01
  8  10  1.40e+00 1.34e+00 1.33e+00 1.37e+00 1.45e+00 1.52e+00 1.53e+00 1.46e+00 1.27e+00 9.95e-01
  8  11  5.13e-01 6.57e-01 9.36e-01 1.17e+00 1.38e+00 1.48e+00 1.46e+00 1.32e+00 1.08e+00 7.80e-01
  8  12  2.02e-01 2.34e-01 3.12e-01 3.76e-01 4.31e-01 4.55e-01 4.46e-01 4.04e-01 3.32e-01 2.43e-01
  8  13  1.74e+00 2.31e+00 2.64e+00 2.83e+00 2.94e+00 2.93e+00 2.84e+00 2.66e+00 2.49e+00 2.51e+00
  8  14  7.22e-01 1.08e+00 1.36e+00 1.53e+00 1.63e+00 1.59e+00 1.49e+00 1.27e+00 9.71e-01 6.44e-01
  8  15  5.55e-01 7.41e-01 8.30e-01 8.74e-01 8.85e-01 8.36e-01 7.69e-01 6.51e-01 5.04e-01 3.59e-01
  8  16  1.28e+00 1.56e+00 1.85e+00 2.00e+00 2.04e+00 1.92e+00 1.76e+00 1.49e+00 1.16e+00 8.53e-01
  8  17  3.78e+00 5.89e+00 7.06e+00 7.52e+00 7.54e+00 7.02e+00 6.41e+00 5.44e+00 4.33e+00 3.32e+00
  8  18  1.17e-01 1.32e-01 1.50e-01 1.58e-01 1.58e-01 1.47e-01 1.35e-01 1.14e-01 8.92e-02 6.57e-02
  8  19  3.47e-01 4.88e-01 4.59e-01 4.18e-01 3.64e-01 3.01e-01 2.60e-01 2.13e-01 1.76e-01 1.61e-01
  8  20  2.94e+00 4.58e+00 4.85e+00 4.93e+00 4.99e+00 5.06e+00 5.15e+00 5.38e+00 5.86e+00 6.91e+00
  8  21  7.57e+00 1.17e+01 1.23e+01 1.25e+01 1.25e+01 1.27e+01 1.30e+01 1.36e+01 1.49e+01 1.79e+01
  8  22  1.41e+00 2.03e+00 1.98e+00 1.86e+00 1.71e+00 1.52e+00 1.40e+00 1.27e+00 1.15e+00 1.11e+00
  8  23  8.62e+00 8.54e+00 8.57e+00 8.65e+00 8.84e+00 9.23e+00 9.68e+00 1.06e+01 1.24e+01 1.63e+01
  8  24  1.01e+00 1.35e+00 1.27e+00 1.15e+00 9.99e-01 8.26e-01 7.14e-01 5.81e-01 4.61e-01 3.74e-01
  8  25  2.75e+00 2.72e+00 2.72e+00 2.73e+00 2.74e+00 2.77e+00 2.81e+00 2.89e+00 3.07e+00 3.56e+00
  8  26  8.77e+00 8.69e+00 8.68e+00 8.69e+00 8.72e+00 8.81e+00 8.93e+00 9.23e+00 1.00e+01 1.22e+01
  8  27  6.95e+01 6.89e+01 6.89e+01 6.92e+01 6.98e+01 7.12e+01 7.25e+01 7.52e+01 8.07e+01 9.42e+01
  8  28  6.02e+01 5.97e+01 5.97e+01 5.99e+01 6.04e+01 6.16e+01 6.27e+01 6.51e+01 6.99e+01 8.21e+01
  8  29  8.54e+01 8.49e+01 8.55e+01 8.67e+01 8.90e+01 9.31e+01 9.70e+01 1.04e+02 1.16e+02 1.39e+02
  8  30  2.95e+00 2.92e+00 2.92e+00 2.93e+00 2.95e+00 3.00e+00 3.05e+00 3.13e+00 3.28e+00 3.57e+00
  8  31  4.77e+00 4.70e+00 4.71e+00 4.72e+00 4.75e+00 4.83e+00 4.92e+00 5.13e+00 5.57e+00 6.68e+00
  8  32  4.25e-01 4.19e-01 4.18e-01 4.17e-01 4.16e-01 4.12e-01 4.09e-01 4.05e-01 4.07e-01 4.25e-01
  8  33  4.05e-01 4.00e-01 3.98e-01 3.96e-01 3.92e-01 3.86e-01 3.81e-01 3.77e-01 3.81e-01 4.12e-01
  8  34  3.74e-01 3.70e-01 3.81e-01 3.91e-01 4.02e-01 4.16e-01 4.32e-01 4.75e-01 6.00e-01 9.80e-01
  8  35  4.19e-02 4.10e-02 4.17e-02 4.23e-02 4.28e-02 4.38e-02 4.54e-02 5.14e-02 7.24e-02 1.55e-01
  8  36  4.95e-02 4.81e-02 4.75e-02 4.69e-02 4.59e-02 4.44e-02 4.35e-02 4.44e-02 5.35e-02 8.08e-02
  8  37  1.02e-01 9.99e-02 9.97e-02 9.95e-02 9.88e-02 9.74e-02 9.61e-02 9.45e-02 9.56e-02 1.06e-01
  8  38  2.37e-01 2.33e-01 2.33e-01 2.34e-01 2.37e-01 2.46e-01 2.60e-01 2.97e-01 3.98e-01 7.14e-01
  9  10  4.61e+00 3.94e+00 3.89e+00 4.08e+00 4.43e+00 4.85e+00 5.04e+00 4.99e+00 4.43e+00 3.30e+00
  9  11  2.92e-01 3.19e-01 4.22e-01 5.38e-01 6.74e-01 7.88e-01 8.21e-01 7.98e-01 6.95e-01 5.29e-01
  9  12  2.79e-01 2.18e-01 2.26e-01 2.46e-01 2.74e-01 2.99e-01 3.05e-01 2.96e-01 2.64e-01 2.13e-01
  9  13  2.32e+00 2.12e+00 2.07e+00 2.16e+00 2.31e+00 2.46e+00 2.51e+00 2.53e+00 2.57e+00 2.83e+00
  9  14  1.76e+00 1.63e+00 1.69e+00 1.84e+00 2.08e+00 2.42e+00 2.70e+00 3.19e+00 4.08e+00 5.75e+00
  9  15  1.66e+00 1.69e+00 1.76e+00 1.87e+00 2.01e+00 2.17e+00 2.29e+00 2.54e+00 3.12e+00 4.44e+00
  9  16  2.16e+00 2.68e+00 3.13e+00 3.38e+00 3.51e+00 3.45e+00 3.29e+00 3.00e+00 2.62e+00 2.27e+00
  9  17  1.77e+00 2.83e+00 4.27e+00 5.17e+00 5.69e+00 5.62e+00 5.25e+00 4.53e+00 3.62e+00 2.78e+00
  9  18  3.66e-01 4.14e-01 4.51e-01 4.73e-01 4.86e-01 4.83e-01 4.70e-01 4.42e-01 4.06e-01 3.74e-01
  9  19  6.04e-01 8.86e-01 8.75e-01 8.35e-01 7.77e-01 7.05e-01 6.60e-01 6.13e-01 5.96e-01 6.56e-01
  9  20  1.03e+00 1.48e+00 1.42e+00 1.32e+00 1.18e+00 1.01e+00 8.91e-01 7.49e-01 6.21e-01 5.40e-01
  9  21  1.17e+00 1.74e+00 1.76e+00 1.71e+00 1.63e+00 1.54e+00 1.48e+00 1.42e+00 1.42e+00 1.55e+00
  9  22  1.53e+00 2.31e+00 2.37e+00 2.35e+00 2.29e+00 2.24e+00 2.22e+00 2.23e+00 2.37e+00 2.77e+00
  9  23  5.87e+00 5.81e+00 5.77e+00 5.72e+00 5.65e+00 5.58e+00 5.58e+00 5.72e+00 6.25e+00 7.72e+00
  9  24  3.74e-01 4.47e-01 4.39e-01 4.21e-01 3.95e-01 3.61e-01 3.37e-01 3.07e-01 2.78e-01 2.60e-01
  9  25  5.87e+00 5.82e+00 5.79e+00 5.75e+00 5.70e+00 5.67e+00 5.71e+00 5.92e+00 6.56e+00 8.23e+00
  9  26  1.23e+00 1.21e+00 1.20e+00 1.18e+00 1.14e+00 1.08e+00 1.05e+00 1.02e+00 1.06e+00 1.27e+00
  9  27  1.15e+01 1.14e+01 1.14e+01 1.14e+01 1.14e+01 1.15e+01 1.17e+01 1.21e+01 1.29e+01 1.50e+01
  9  28  9.35e+00 9.24e+00 9.15e+00 9.10e+00 9.06e+00 9.09e+00 9.21e+00 9.53e+00 1.03e+01 1.21e+01
  9  29  1.40e+01 1.39e+01 1.38e+01 1.38e+01 1.39e+01 1.40e+01 1.42e+01 1.46e+01 1.55e+01 1.79e+01
  9  30  4.18e+01 4.13e+01 4.15e+01 4.18e+01 4.24e+01 4.36e+01 4.49e+01 4.72e+01 5.16e+01 6.12e+01
  9  31  6.14e+01 6.06e+01 6.06e+01 6.09e+01 6.16e+01 6.31e+01 6.48e+01 6.80e+01 7.40e+01 8.72e+01
  9  32  4.52e+01 4.46e+01 4.46e+01 4.47e+01 4.49e+01 4.54e+01 4.60e+01 4.72e+01 4.99e+01 5.69e+01
  9  33  4.60e+00 4.54e+00 4.54e+00 4.55e+00 4.57e+00 4.62e+00 4.68e+00 4.82e+00 5.13e+00 5.93e+00
  9  34  1.75e-01 1.70e-01 1.70e-01 1.70e-01 1.70e-01 1.70e-01 1.69e-01 1.70e-01 1.76e-01 1.95e-01
  9  35  6.35e-02 6.19e-02 6.29e-02 6.40e-02 6.55e-02 6.80e-02 7.11e-02 7.92e-02 1.01e-01 1.66e-01
  9  36  3.62e-01 3.52e-01 3.49e-01 3.48e-01 3.48e-01 3.53e-01 3.62e-01 3.85e-01 4.36e-01 5.41e-01
  9  37  2.29e-01 2.25e-01 2.25e-01 2.25e-01 2.26e-01 2.27e-01 2.29e-01 2.33e-01 2.43e-01 2.66e-01
  9  38  1.44e-01 1.42e-01 1.42e-01 1.42e-01 1.43e-01 1.47e-01 1.54e-01 1.77e-01 2.60e-01 6.29e-01
 10  11  4.45e+01 4.30e+01 4.19e+01 4.12e+01 4.05e+01 3.99e+01 3.96e+01 3.91e+01 3.85e+01 3.71e+01
 10  12  1.45e+01 1.39e+01 1.35e+01 1.32e+01 1.29e+01 1.26e+01 1.23e+01 1.21e+01 1.18e+01 1.15e+01
 10  13  1.04e+01 1.01e+01 9.83e+00 9.60e+00 9.30e+00 8.89e+00 8.55e+00 7.97e+00 7.09e+00 5.64e+00
 10  14  1.46e+01 1.41e+01 1.38e+01 1.35e+01 1.33e+01 1.29e+01 1.26e+01 1.22e+01 1.14e+01 9.97e+00
 10  15  4.22e+00 4.13e+00 4.04e+00 3.96e+00 3.84e+00 3.66e+00 3.50e+00 3.22e+00 2.80e+00 2.20e+00
 10  16  3.74e-01 4.26e-01 4.90e-01 5.28e-01 5.47e-01 5.37e-01 5.14e-01 4.72e-01 4.19e-01 3.70e-01
 10  17  9.76e-01 9.49e-01 1.06e+00 1.13e+00 1.16e+00 1.14e+00 1.08e+00 9.86e-01 8.54e-01 7.08e-01
 10  18  4.66e-02 4.86e-02 5.33e-02 5.60e-02 5.69e-02 5.47e-02 5.15e-02 4.58e-02 3.86e-02 3.14e-02
 10  19  4.09e-01 6.07e-01 6.10e-01 5.92e-01 5.64e-01 5.33e-01 5.13e-01 4.94e-01 4.83e-01 4.95e-01
 10  20  8.30e-01 1.27e+00 1.33e+00 1.33e+00 1.32e+00 1.31e+00 1.30e+00 1.30e+00 1.31e+00 1.34e+00
 10  21  5.58e-01 8.66e-01 9.12e-01 9.23e-01 9.25e-01 9.24e-01 9.24e-01 9.30e-01 9.52e-01 1.02e+00
 10  22  3.11e-01 4.74e-01 4.91e-01 4.91e-01 4.88e-01 4.86e-01 4.90e-01 5.01e-01 5.29e-01 5.89e-01
 10  23  1.04e+00 1.03e+00 1.03e+00 1.02e+00 1.02e+00 1.02e+00 1.02e+00 1.04e+00 1.10e+00 1.25e+00
 10  24  5.08e-01 5.35e-01 5.34e-01 5.29e-01 5.23e-01 5.16e-01 5.12e-01 5.07e-01 5.04e-01 5.03e-01
 10  25  1.08e+00 1.07e+00 1.07e+00 1.06e+00 1.06e+00 1.05e+00 1.05e+00 1.06e+00 1.10e+00 1.19e+00
 10  26  8.33e-01 8.25e-01 8.21e-01 8.15e-01 8.08e-01 8.02e-01 8.04e-01 8.20e-01 8.76e-01 1.03e+00
 10  27  1.52e+00 1.50e+00 1.49e+00 1.48e+00 1.47e+00 1.47e+00 1.48e+00 1.51e+00 1.58e+00 1.71e+00
 10  28  7.05e-01 6.98e-01 6.92e-01 6.87e-01 6.81e-01 6.73e-01 6.66e-01 6.57e-01 6.43e-01 6.23e-01
 10  29  3.26e-01 3.21e-01 3.16e-01 3.11e-01 3.04e-01 2.94e-01 2.87e-01 2.78e-01 2.66e-01 2.51e-01
 10  30  9.78e-01 9.64e-01 9.60e-01 9.57e-01 9.54e-01 9.54e-01 9.56e-01 9.67e-01 9.98e-01 1.09e+00
 10  31  3.16e+00 3.11e+00 3.11e+00 3.11e+00 3.12e+00 3.13e+00 3.15e+00 3.20e+00 3.33e+00 3.69e+00
 10  32  5.44e+00 5.36e+00 5.36e+00 5.37e+00 5.40e+00 5.45e+00 5.52e+00 5.68e+00 6.01e+00 6.88e+00
 10  33  6.94e+00 6.85e+00 6.85e+00 6.86e+00 6.89e+00 6.97e+00 7.06e+00 7.25e+00 7.66e+00 8.71e+00
 10  34  2.89e-01 2.82e-01 2.83e-01 2.85e-01 2.86e-01 2.87e-01 2.88e-01 2.88e-01 2.88e-01 2.86e-01
 10  35  4.25e-02 4.12e-02 4.15e-02 4.18e-02 4.21e-02 4.23e-02 4.23e-02 4.22e-02 4.18e-02 4.02e-02
 10  36  3.31e-01 3.13e-01 3.02e-01 2.93e-01 2.81e-01 2.66e-01 2.56e-01 2.43e-01 2.28e-01 2.11e-01
 10  37  1.60e-01 1.57e-01 1.57e-01 1.57e-01 1.57e-01 1.58e-01 1.59e-01 1.62e-01 1.66e-01 1.75e-01
 10  38  1.64e-01 1.61e-01 1.61e-01 1.61e-01 1.61e-01 1.60e-01 1.60e-01 1.59e-01 1.58e-01 1.53e-01
 11  12  3.12e+01 2.92e+01 2.86e+01 2.84e+01 2.83e+01 2.84e+01 2.85e+01 2.89e+01 2.93e+01 2.95e+01
 11  13  2.16e+01 2.04e+01 1.97e+01 1.92e+01 1.87e+01 1.79e+01 1.72e+01 1.61e+01 1.43e+01 1.13e+01
 11  14  1.74e+01 1.66e+01 1.61e+01 1.58e+01 1.54e+01 1.50e+01 1.46e+01 1.41e+01 1.33e+01 1.19e+01
 11  15  8.57e+00 8.50e+00 8.41e+00 8.32e+00 8.21e+00 8.05e+00 7.88e+00 7.56e+00 6.94e+00 5.71e+00
 11  16  1.17e-01 9.73e-02 1.11e-01 1.20e-01 1.24e-01 1.19e-01 1.13e-01 1.01e-01 8.93e-02 8.05e-02
 11  17  1.26e+00 1.27e+00 1.30e+00 1.30e+00 1.29e+00 1.25e+00 1.20e+00 1.13e+00 1.02e+00 8.50e-01
 11  18  1.31e-02 1.04e-02 1.21e-02 1.34e-02 1.42e-02 1.42e-02 1.37e-02 1.27e-02 1.16e-02 1.09e-02
 11  19  1.71e-01 2.49e-01 2.46e-01 2.35e-01 2.20e-01 2.04e-01 1.94e-01 1.86e-01 1.84e-01 1.92e-01
 11  20  5.27e-01 7.90e-01 8.01e-01 7.83e-01 7.53e-01 7.13e-01 6.86e-01 6.55e-01 6.28e-01 6.18e-01
 11  21  4.67e-01 7.29e-01 7.73e-01 7.87e-01 7.94e-01 7.98e-01 8.01e-01 8.04e-01 8.10e-01 8.16e-01
 11  22  1.32e+00 2.02e+00 2.10e+00 2.10e+00 2.10e+00 2.10e+00 2.12e+00 2.16e+00 2.24e+00 2.38e+00
 11  23  5.07e-01 5.02e-01 5.01e-01 5.01e-01 5.00e-01 4.99e-01 4.98e-01 4.95e-01 4.91e-01 4.79e-01
 11  24  8.10e-01 9.41e-01 9.55e-01 9.55e-01 9.53e-01 9.52e-01 9.54e-01 9.61e-01 9.70e-01 9.80e-01
 11  25  3.81e-01 3.77e-01 3.76e-01 3.76e-01 3.74e-01 3.71e-01 3.69e-01 3.65e-01 3.58e-01 3.48e-01
 11  26  1.17e+00 1.16e+00 1.16e+00 1.16e+00 1.16e+00 1.16e+00 1.17e+00 1.18e+00 1.21e+00 1.27e+00
 11  27  7.62e-01 7.54e-01 7.50e-01 7.48e-01 7.46e-01 7.43e-01 7.40e-01 7.33e-01 7.19e-01 6.86e-01
 11  28  8.74e-01 8.64e-01 8.58e-01 8.54e-01 8.48e-01 8.37e-01 8.27e-01 8.08e-01 7.79e-01 7.41e-01
 11  29  1.64e+00 1.63e+00 1.62e+00 1.62e+00 1.62e+00 1.62e+00 1.62e+00 1.62e+00 1.62e+00 1.62e+00
 11  30  6.54e-01 6.46e-01 6.43e-01 6.41e-01 6.36e-01 6.27e-01 6.20e-01 6.10e-01 5.98e-01 5.83e-01
 11  31  7.97e-01 7.86e-01 7.86e-01 7.86e-01 7.88e-01 7.92e-01 7.98e-01 8.09e-01 8.33e-01 8.94e-01
 11  32  5.16e-01 5.09e-01 5.08e-01 5.07e-01 5.05e-01 5.03e-01 5.00e-01 4.96e-01 4.88e-01 4.72e-01
 11  33  3.51e-01 3.48e-01 3.46e-01 3.46e-01 3.46e-01 3.46e-01 3.46e-01 3.47e-01 3.48e-01 3.49e-01
 11  34  4.40e-01 4.27e-01 4.30e-01 4.33e-01 4.36e-01 4.38e-01 4.38e-01 4.37e-01 4.32e-01 4.15e-01
 11  35  7.89e-02 7.65e-02 7.71e-02 7.76e-02 7.81e-02 7.84e-02 7.86e-02 7.84e-02 7.77e-02 7.50e-02
 11  36  5.17e-01 4.88e-01 4.69e-01 4.53e-01 4.32e-01 4.07e-01 3.90e-01 3.68e-01 3.45e-01 3.21e-01
 11  37  3.94e-01 3.87e-01 3.87e-01 3.86e-01 3.86e-01 3.85e-01 3.84e-01 3.81e-01 3.75e-01 3.61e-01
 11  38  4.40e-01 4.32e-01 4.32e-01 4.31e-01 4.31e-01 4.29e-01 4.28e-01 4.25e-01 4.18e-01 4.00e-01
 12  13  6.50e+00 6.53e+00 6.41e+00 6.32e+00 6.21e+00 6.07e+00 5.94e+00 5.71e+00 5.28e+00 4.38e+00
 12  14  6.68e+00 6.27e+00 6.04e+00 5.89e+00 5.72e+00 5.51e+00 5.34e+00 5.07e+00 4.69e+00 4.12e+00
 12  15  6.63e+00 6.42e+00 6.33e+00 6.26e+00 6.14e+00 5.97e+00 5.80e+00 5.48e+00 4.93e+00 3.92e+00
 12  16  4.60e-02 5.25e-02 6.04e-02 6.43e-02 6.59e-02 6.46e-02 6.26e-02 5.93e-02 5.59e-02 5.31e-02
 12  17  4.06e-01 4.13e-01 4.21e-01 4.24e-01 4.25e-01 4.19e-01 4.09e-01 3.90e-01 3.56e-01 2.98e-01
 12  18  9.01e-03 9.60e-03 1.09e-02 1.16e-02 1.19e-02 1.17e-02 1.14e-02 1.07e-02 1.00e-02 9.39e-03
 12  19  2.17e-01 3.24e-01 3.28e-01 3.21e-01 3.10e-01 2.98e-01 2.92e-01 2.88e-01 2.91e-01 3.08e-01
 12  20  4.28e-01 6.55e-01 6.78e-01 6.76e-01 6.64e-01 6.45e-01 6.31e-01 6.12e-01 5.92e-01 5.73e-01
 12  21  3.86e-01 5.98e-01 6.29e-01 6.37e-01 6.42e-01 6.49e-01 6.56e-01 6.69e-01 6.89e-01 7.14e-01
 12  22  6.26e-02 9.70e-02 1.02e-01 1.03e-01 1.04e-01 1.06e-01 1.07e-01 1.10e-01 1.15e-01 1.22e-01
 12  23  2.38e-01 2.36e-01 2.36e-01 2.35e-01 2.35e-01 2.34e-01 2.33e-01 2.32e-01 2.28e-01 2.19e-01
 12  24  1.22e-01 1.49e-01 1.52e-01 1.52e-01 1.51e-01 1.51e-01 1.52e-01 1.53e-01 1.58e-01 1.67e-01
 12  25  2.19e-01 2.17e-01 2.17e-01 2.16e-01 2.16e-01 2.15e-01 2.14e-01 2.13e-01 2.10e-01 2.03e-01
 12  26  4.01e-01 3.97e-01 3.96e-01 3.95e-01 3.95e-01 3.94e-01 3.93e-01 3.90e-01 3.84e-01 3.70e-01
 12  27  3.63e-01 3.60e-01 3.58e-01 3.57e-01 3.56e-01 3.55e-01 3.54e-01 3.51e-01 3.46e-01 3.31e-01
 12  28  5.26e-01 5.21e-01 5.19e-01 5.17e-01 5.17e-01 5.17e-01 5.17e-01 5.17e-01 5.18e-01 5.18e-01
 12  29  1.12e-01 1.11e-01 1.10e-01 1.10e-01 1.09e-01 1.09e-01 1.08e-01 1.07e-01 1.05e-01 1.01e-01
 12  30  2.43e-01 2.40e-01 2.40e-01 2.39e-01 2.39e-01 2.38e-01 2.38e-01 2.36e-01 2.35e-01 2.30e-01
 12  31  3.22e-01 3.18e-01 3.17e-01 3.17e-01 3.17e-01 3.16e-01 3.16e-01 3.14e-01 3.11e-01 3.04e-01
 12  32  4.10e-01 4.04e-01 4.04e-01 4.04e-01 4.04e-01 4.05e-01 4.05e-01 4.07e-01 4.10e-01 4.19e-01
 12  33  1.18e-01 1.17e-01 1.17e-01 1.17e-01 1.17e-01 1.17e-01 1.17e-01 1.18e-01 1.19e-01 1.21e-01
 12  34  6.47e-02 6.29e-02 6.33e-02 6.36e-02 6.40e-02 6.43e-02 6.43e-02 6.42e-02 6.36e-02 6.15e-02
 12  35  1.91e-02 1.85e-02 1.86e-02 1.87e-02 1.89e-02 1.90e-02 1.91e-02 1.93e-02 1.96e-02 1.99e-02
 12  36  2.14e-01 2.06e-01 2.02e-01 1.98e-01 1.93e-01 1.87e-01 1.83e-01 1.78e-01 1.73e-01 1.66e-01
 12  37  2.94e-01 2.89e-01 2.89e-01 2.88e-01 2.88e-01 2.87e-01 2.86e-01 2.84e-01 2.80e-01 2.68e-01
 12  38  3.22e-01 3.16e-01 3.16e-01 3.16e-01 3.15e-01 3.15e-01 3.13e-01 3.11e-01 3.06e-01 2.93e-01
 13  14  0.00e+00 0.00e+00 0.00e+00 0.00e+00 0.00e+00 0.00e+00 0.00e+00 0.00e+00 0.00e+00 0.00e+00
 13  15  2.21e+01 2.26e+01 2.24e+01 2.22e+01 2.20e+01 2.19e+01 2.18e+01 2.17e+01 2.17e+01 2.16e+01
 13  16  1.91e-01 2.44e-01 3.07e-01 3.48e-01 3.79e-01 3.91e-01 3.85e-01 3.58e-01 3.09e-01 2.44e-01
 13  17  2.42e+00 2.75e+00 2.99e+00 3.14e+00 3.23e+00 3.24e+00 3.21e+00 3.12e+00 2.98e+00 2.83e+00
 13  18  2.64e-02 3.05e-02 3.51e-02 3.82e-02 4.10e-02 4.25e-02 4.20e-02 3.93e-02 3.33e-02 2.45e-02
 13  19  1.36e-01 2.01e-01 2.01e-01 1.94e-01 1.83e-01 1.69e-01 1.59e-01 1.47e-01 1.34e-01 1.22e-01
 13  20  2.90e-01 4.40e-01 4.54e-01 4.50e-01 4.38e-01 4.20e-01 4.06e-01 3.86e-01 3.61e-01 3.26e-01
 13  21  2.13e-01 3.27e-01 3.40e-01 3.41e-01 3.37e-01 3.29e-01 3.22e-01 3.11e-01 2.94e-01 2.74e-01
 13  22  2.28e-01 3.42e-01 3.49e-01 3.43e-01 3.32e-01 3.18e-01 3.08e-01 2.96e-01 2.85e-01 2.83e-01
 13  23  2.65e-01 2.63e-01 2.62e-01 2.61e-01 2.60e-01 2.59e-01 2.57e-01 2.54e-01 2.49e-01 2.40e-01
 13  24  5.66e-01 5.83e-01 5.82e-01 5.80e-01 5.75e-01 5.67e-01 5.61e-01 5.51e-01 5.41e-01 5.33e-01
 13  25  6.01e-01 5.95e-01 5.93e-01 5.91e-01 5.87e-01 5.81e-01 5.75e-01 5.66e-01 5.55e-01 5.29e-01
 13  26  3.41e-01 3.38e-01 3.37e-01 3.36e-01 3.35e-01 3.33e-01 3.32e-01 3.30e-01 3.30e-01 3.37e-01
 13  27  4.32e-01 4.27e-01 4.22e-01 4.18e-01 4.12e-01 4.04e-01 3.96e-01 3.83e-01 3.65e-01 3.41e-01
 13  28  7.82e-01 7.73e-01 7.66e-01 7.59e-01 7.50e-01 7.37e-01 7.26e-01 7.08e-01 6.83e-01 6.35e-01
 13  29  6.31e-01 6.24e-01 6.20e-01 6.18e-01 6.15e-01 6.10e-01 6.04e-01 5.93e-01 5.77e-01 5.58e-01
 13  30  3.92e-01 3.86e-01 3.86e-01 3.85e-01 3.83e-01 3.80e-01 3.76e-01 3.68e-01 3.57e-01 3.38e-01
 13  31  2.49e-01 2.45e-01 2.45e-01 2.44e-01 2.43e-01 2.39e-01 2.35e-01 2.27e-01 2.18e-01 2.09e-01
 13  32  2.57e-01 2.54e-01 2.53e-01 2.52e-01 2.49e-01 2.43e-01 2.37e-01 2.27e-01 2.15e-01 2.01e-01
 13  33  1.06e-01 1.05e-01 1.05e-01 1.04e-01 1.04e-01 1.03e-01 1.02e-01 1.00e-01 9.85e-02 9.63e-02
 13  34  9.54e-02 9.22e-02 9.21e-02 9.20e-02 9.17e-02 9.12e-02 9.08e-02 9.03e-02 9.02e-02 9.12e-02
 13  35  1.76e-02 1.68e-02 1.65e-02 1.63e-02 1.60e-02 1.55e-02 1.52e-02 1.49e-02 1.48e-02 1.51e-02
 13  36  1.65e-01 1.56e-01 1.51e-01 1.45e-01 1.38e-01 1.29e-01 1.22e-01 1.14e-01 1.04e-01 9.57e-02
 13  37  1.01e-01 9.95e-02 9.93e-02 9.89e-02 9.81e-02 9.64e-02 9.48e-02 9.24e-02 8.99e-02 8.87e-02
 13  38  1.13e-01 1.11e-01 1.11e-01 1.11e-01 1.10e-01 1.08e-01 1.07e-01 1.05e-01 1.04e-01 1.06e-01
 14  15  9.63e+00 9.59e+00 9.53e+00 9.48e+00 9.42e+00 9.35e+00 9.30e+00 9.23e+00 9.13e+00 8.98e+00
 14  16  3.87e-01 4.28e-01 4.65e-01 4.79e-01 4.75e-01 4.48e-01 4.19e-01 3.71e-01 3.07e-01 2.37e-01
 14  17  2.78e+00 2.91e+00 3.06e+00 3.13e+00 3.15e+00 3.10e+00 3.03e+00 2.90e+00 2.71e+00 2.45e+00
 14  18  5.02e-02 5.22e-02 5.43e-02 5.43e-02 5.25e-02 4.85e-02 4.48e-02 3.87e-02 3.09e-02 2.23e-02
 14  19  3.50e-01 5.32e-01 5.49e-01 5.45e-01 5.34e-01 5.17e-01 5.04e-01 4.88e-01 4.77e-01 4.84e-01
 14  20  5.13e-01 7.82e-01 8.07e-01 8.03e-01 7.87e-01 7.64e-01 7.46e-01 7.22e-01 6.97e-01 6.71e-01
 14  21  3.20e-01 4.91e-01 5.10e-01 5.10e-01 5.03e-01 4.91e-01 4.81e-01 4.65e-01 4.45e-01 4.24e-01
 14  22  2.59e-01 3.89e-01 3.95e-01 3.88e-01 3.77e-01 3.61e-01 3.50e-01 3.35e-01 3.17e-01 2.95e-01
 14  23  7.25e-01 7.18e-01 7.16e-01 7.15e-01 7.12e-01 7.06e-01 7.01e-01 6.90e-01 6.71e-01 6.39e-01
 14  24  8.17e-01 8.21e-01 8.20e-01 8.18e-01 8.15e-01 8.10e-01 8.06e-01 7.99e-01 7.88e-01 7.67e-01
 14  25  6.89e-01 6.82e-01 6.81e-01 6.79e-01 6.77e-01 6.73e-01 6.69e-01 6.62e-01 6.51e-01 6.30e-01
 14  26  5.01e-01 4.96e-01 4.95e-01 4.94e-01 4.91e-01 4.86e-01 4.81e-01 4.72e-01 4.59e-01 4.37e-01
 14  27  3.99e-01 3.95e-01 3.93e-01 3.92e-01 3.91e-01 3.89e-01 3.87e-01 3.84e-01 3.77e-01 3.66e-01
 14  28  7.44e-01 7.36e-01 7.30e-01 7.26e-01 7.20e-01 7.10e-01 7.00e-01 6.84e-01 6.61e-01 6.28e-01
 14  29  1.89e-01 1.87e-01 1.86e-01 1.85e-01 1.83e-01 1.80e-01 1.77e-01 1.72e-01 1.64e-01 1.52e-01
 14  30  2.44e-01 2.41e-01 2.41e-01 2.40e-01 2.39e-01 2.37e-01 2.35e-01 2.32e-01 2.27e-01 2.18e-01
 14  31  2.88e-01 2.84e-01 2.83e-01 2.81e-01 2.78e-01 2.72e-01 2.67e-01 2.59e-01 2.49e-01 2.39e-01
 14  32  4.08e-01 4.02e-01 4.01e-01 4.00e-01 3.97e-01 3.92e-01 3.87e-01 3.78e-01 3.66e-01 3.51e-01
 14  33  1.94e-01 1.92e-01 1.89e-01 1.87e-01 1.83e-01 1.77e-01 1.72e-01 1.66e-01 1.61e-01 1.59e-01
 14  34  1.17e-01 1.10e-01 1.06e-01 1.02e-01 9.73e-02 9.20e-02 8.85e-02 8.46e-02 8.11e-02 7.87e-02
 14  35  1.61e-02 1.51e-02 1.45e-02 1.39e-02 1.33e-02 1.26e-02 1.22e-02 1.18e-02 1.15e-02 1.13e-02
 14  36  1.44e-01 1.37e-01 1.34e-01 1.30e-01 1.26e-01 1.20e-01 1.15e-01 1.10e-01 1.07e-01 1.07e-01
 14  37  1.42e-01 1.39e-01 1.39e-01 1.39e-01 1.38e-01 1.37e-01 1.35e-01 1.33e-01 1.29e-01 1.23e-01
 14  38  1.38e-01 1.35e-01 1.35e-01 1.35e-01 1.34e-01 1.33e-01 1.32e-01 1.31e-01 1.29e-01 1.24e-01
 15  16  2.79e-01 3.19e-01 3.61e-01 3.87e-01 4.06e-01 4.15e-01 4.14e-01 4.07e-01 3.96e-01 3.95e-01
 15  17  2.45e+00 2.61e+00 2.70e+00 2.75e+00 2.78e+00 2.78e+00 2.76e+00 2.71e+00 2.64e+00 2.57e+00
 15  18  5.08e-02 5.64e-02 6.14e-02 6.42e-02 6.67e-02 6.86e-02 6.94e-02 6.98e-02 7.02e-02 7.26e-02
 15  19  1.45e-01 2.10e-01 2.05e-01 1.93e-01 1.77e-01 1.56e-01 1.42e-01 1.24e-01 1.07e-01 9.51e-02
 15  20  1.13e-01 1.67e-01 1.68e-01 1.62e-01 1.54e-01 1.43e-01 1.36e-01 1.27e-01 1.20e-01 1.16e-01
 15  21  7.04e-02 1.07e-01 1.11e-01 1.10e-01 1.08e-01 1.05e-01 1.02e-01 9.83e-02 9.37e-02 8.80e-02
 15  22  4.00e-02 6.03e-02 6.17e-02 6.08e-02 5.92e-02 5.72e-02 5.61e-02 5.54e-02 5.67e-02 6.10e-02
 15  23  1.50e-01 1.49e-01 1.48e-01 1.48e-01 1.47e-01 1.45e-01 1.43e-01 1.40e-01 1.37e-01 1.36e-01
 15  24  2.26e-01 2.34e-01 2.34e-01 2.32e-01 2.28e-01 2.21e-01 2.15e-01 2.05e-01 1.92e-01 1.77e-01
 15  25  2.96e-01 2.93e-01 2.92e-01 2.91e-01 2.91e-01 2.89e-01 2.87e-01 2.85e-01 2.81e-01 2.73e-01
 15  26  1.63e-01 1.62e-01 1.62e-01 1.61e-01 1.61e-01 1.60e-01 1.60e-01 1.58e-01 1.57e-01 1.55e-01
 15  27  2.29e-01 2.27e-01 2.24e-01 2.21e-01 2.17e-01 2.11e-01 2.07e-01 2.01e-01 1.92e-01 1.81e-01
 15  28  3.85e-01 3.81e-01 3.79e-01 3.77e-01 3.76e-01 3.73e-01 3.71e-01 3.67e-01 3.60e-01 3.47e-01
 15  29  1.24e-01 1.23e-01 1.22e-01 1.21e-01 1.19e-01 1.17e-01 1.15e-01 1.11e-01 1.06e-01 9.99e-02
 15  30  3.68e-01 3.63e-01 3.62e-01 3.60e-01 3.58e-01 3.55e-01 3.51e-01 3.45e-01 3.36e-01 3.20e-01
 15  31  3.34e-01 3.30e-01 3.29e-01 3.28e-01 3.26e-01 3.22e-01 3.16e-01 3.07e-01 2.93e-01 2.73e-01
 15  32  3.17e-01 3.13e-01 3.12e-01 3.11e-01 3.09e-01 3.04e-01 2.99e-01 2.91e-01 2.80e-01 2.68e-01
 15  33  1.44e-01 1.42e-01 1.42e-01 1.42e-01 1.42e-01 1.42e-01 1.41e-01 1.41e-01 1.41e-01 1.42e-01
 15  34  5.45e-02 5.28e-02 5.27e-02 5.25e-02 5.22e-02 5.16e-02 5.10e-02 5.01e-02 4.90e-02 4.79e-02
 15  35  1.26e-02 1.22e-02 1.22e-02 1.22e-02 1.22e-02 1.21e-02 1.20e-02 1.18e-02 1.15e-02 1.10e-02
 15  36  1.70e-01 1.61e-01 1.57e-01 1.53e-01 1.48e-01 1.41e-01 1.35e-01 1.29e-01 1.22e-01 1.17e-01
 15  37  8.05e-02 7.90e-02 7.89e-02 7.87e-02 7.83e-02 7.76e-02 7.69e-02 7.60e-02 7.53e-02 7.56e-02
 15  38  7.25e-02 7.12e-02 7.10e-02 7.07e-02 7.01e-02 6.88e-02 6.75e-02 6.57e-02 6.37e-02 6.32e-02
 16  17  0.00e+00 0.00e+00 0.00e+00 0.00e+00 0.00e+00 0.00e+00 0.00e+00 0.00e+00 0.00e+00 0.00e+00
 16  18  2.25e+00 2.07e+00 2.02e+00 2.04e+00 2.11e+00 2.21e+00 2.24e+00 2.18e+00 1.94e+00 1.49e+00
 16  19  7.29e-01 1.21e+00 1.37e+00 1.47e+00 1.58e+00 1.72e+00 1.85e+00 2.08e+00 2.53e+00 3.43e+00
 16  20  2.23e-01 3.54e-01 3.79e-01 3.89e-01 3.93e-01 3.93e-01 3.92e-01 3.96e-01 4.20e-01 5.01e-01
 16  21  3.22e-01 5.06e-01 5.40e-01 5.53e-01 5.61e-01 5.66e-01 5.71e-01 5.84e-01 6.22e-01 7.26e-01
 16  22  9.81e-02 1.53e-01 1.62e-01 1.64e-01 1.64e-01 1.61e-01 1.56e-01 1.46e-01 1.32e-01 1.18e-01
 16  23  3.92e-01 3.88e-01 3.83e-01 3.76e-01 3.64e-01 3.43e-01 3.26e-01 3.02e-01 2.80e-01 2.75e-01
 16  24  4.95e-01 5.16e-01 5.13e-01 5.02e-01 4.81e-01 4.47e-01 4.20e-01 3.82e-01 3.41e-01 3.07e-01
 16  25  5.97e-01 5.92e-01 5.94e-01 6.00e-01 6.15e-01 6.51e-01 6.96e-01 8.06e-01 1.05e+00 1.60e+00
 16  26  3.45e-01 3.41e-01 3.38e-01 3.34e-01 3.26e-01 3.12e-01 3.00e-01 2.83e-01 2.63e-01 2.49e-01
 16  27  6.89e-01 6.77e-01 6.58e-01 6.37e-01 6.09e-01 5.72e-01 5.46e-01 5.14e-01 4.88e-01 4.83e-01
 16  28  4.76e-01 4.69e-01 4.58e-01 4.48e-01 4.34e-01 4.17e-01 4.06e-01 3.95e-01 3.89e-01 4.11e-01
 16  29  7.40e-01 7.31e-01 7.21e-01 7.13e-01 7.01e-01 6.87e-01 6.77e-01 6.67e-01 6.66e-01 7.02e-01
 16  30  1.74e+00 1.72e+00 1.71e+00 1.71e+00 1.71e+00 1.70e+00 1.70e+00 1.70e+00 1.70e+00 1.72e+00
 16  31  3.66e-01 3.60e-01 3.60e-01 3.58e-01 3.54e-01 3.46e-01 3.38e-01 3.25e-01 3.10e-01 2.98e-01
 16  32  1.52e+00 1.50e+00 1.50e+00 1.50e+00 1.50e+00 1.50e+00 1.50e+00 1.50e+00 1.50e+00 1.50e+00
 16  33  2.38e+01 2.36e+01 2.35e+01 2.35e+01 2.36e+01 2.38e+01 2.39e+01 2.43e+01 2.50e+01 2.69e+01
 16  34  7.49e+00 7.33e+00 7.29e+00 7.25e+00 7.14e+00 6.94e+00 6.76e+00 6.53e+00 6.35e+00 6.52e+00
 16  35  1.20e+01 1.17e+01 1.18e+01 1.19e+01 1.21e+01 1.22e+01 1.23e+01 1.24e+01 1.25e+01 1.29e+01
 16  36  2.57e+01 2.49e+01 2.48e+01 2.48e+01 2.47e+01 2.49e+01 2.51e+01 2.58e+01 2.73e+01 3.07e+01
 16  37  2.29e+01 2.25e+01 2.25e+01 2.25e+01 2.25e+01 2.26e+01 2.27e+01 2.29e+01 2.34e+01 2.46e+01
 16  38  4.07e+00 3.99e+00 3.99e+00 4.00e+00 4.01e+00 4.03e+00 4.05e+00 4.12e+00 4.26e+00 4.64e+00
 17  18  2.28e-01 2.40e-01 2.82e-01 3.38e-01 4.23e-01 5.28e-01 5.87e-01 6.28e-01 6.08e-01 5.19e-01
 17  19  2.34e-01 3.48e-01 3.48e-01 3.35e-01 3.11e-01 2.78e-01 2.53e-01 2.17e-01 1.76e-01 1.35e-01
 17  20  1.67e+00 2.62e+00 2.81e+00 2.88e+00 2.94e+00 3.01e+00 3.07e+00 3.19e+00 3.46e+00 4.12e+00
 17  21  4.39e-01 6.83e-01 7.17e-01 7.19e-01 7.04e-01 6.68e-01 6.36e-01 5.86e-01 5.32e-01 4.89e-01
 17  22  4.37e-01 6.67e-01 6.92e-01 6.90e-01 6.76e-01 6.46e-01 6.17e-01 5.67e-01 5.02e-01 4.37e-01
 17  23  1.21e+00 1.20e+00 1.20e+00 1.19e+00 1.19e+00 1.19e+00 1.18e+00 1.18e+00 1.18e+00 1.22e+00
 17  24  5.24e-01 5.47e-01 5.48e-01 5.46e-01 5.41e-01 5.33e-01 5.26e-01 5.17e-01 5.14e-01 5.39e-01
 17  25  7.96e-01 7.89e-01 7.88e-01 7.88e-01 7.89e-01 7.93e-01 7.99e-01 8.11e-01 8.39e-01 9.15e-01
 17  26  9.87e-01 9.77e-01 9.77e-01 9.79e-01 9.82e-01 9.90e-01 1.00e+00 1.03e+00 1.09e+00 1.27e+00
 17  27  3.36e+00 3.33e+00 3.32e+00 3.32e+00 3.32e+00 3.34e+00 3.35e+00 3.39e+00 3.46e+00 3.65e+00
 17  28  2.31e+00 2.29e+00 2.29e+00 2.29e+00 2.30e+00 2.33e+00 2.35e+00 2.40e+00 2.52e+00 2.78e+00
 17  29  8.18e-01 8.06e-01 7.90e-01 7.72e-01 7.46e-01 7.08e-01 6.77e-01 6.32e-01 5.79e-01 5.30e-01
 17  30  2.10e-01 2.06e-01 2.04e-01 2.00e-01 1.94e-01 1.86e-01 1.80e-01 1.72e-01 1.63e-01 1.57e-01
 17  31  4.81e-01 4.74e-01 4.73e-01 4.72e-01 4.68e-01 4.61e-01 4.54e-01 4.42e-01 4.31e-01 4.28e-01
 17  32  2.30e-01 2.27e-01 2.27e-01 2.26e-01 2.25e-01 2.24e-01 2.22e-01 2.21e-01 2.22e-01 2.29e-01
 17  33  3.17e+01 3.15e+01 3.14e+01 3.15e+01 3.17e+01 3.22e+01 3.26e+01 3.37e+01 3.57e+01 4.08e+01
 17  34  7.66e+01 7.44e+01 7.50e+01 7.56e+01 7.62e+01 7.68e+01 7.72e+01 7.76e+01 7.83e+01 7.98e+01
 17  35  3.77e+00 3.66e+00 3.69e+00 3.71e+00 3.73e+00 3.75e+00 3.75e+00 3.75e+00 3.76e+00 3.80e+00
 17  36  8.18e-01 7.49e-01 6.95e-01 6.46e-01 5.86e-01 5.15e-01 4.67e-01 4.08e-01 3.50e-01 2.95e-01
 17  37  1.31e+01 1.29e+01 1.29e+01 1.29e+01 1.29e+01 1.30e+01 1.31e+01 1.33e+01 1.38e+01 1.51e+01
 17  38  4.42e+01 4.34e+01 4.34e+01 4.34e+01 4.35e+01 4.36e+01 4.39e+01 4.44e+01 4.55e+01 4.83e+01
 18  19  1.40e-01 2.34e-01 2.64e-01 2.83e-01 3.05e-01 3.34e-01 3.60e-01 4.07e-01 4.95e-01 6.74e-01
 18  20  2.67e-02 4.33e-02 4.75e-02 4.95e-02 5.12e-02 5.29e-02 5.43e-02 5.75e-02 6.52e-02 8.41e-02
 18  21  1.48e-02 2.29e-02 2.40e-02 2.39e-02 2.30e-02 2.11e-02 1.94e-02 1.67e-02 1.34e-02 1.01e-02
 18  22  5.70e-03 8.95e-03 9.52e-03 9.66e-03 9.65e-03 9.47e-03 9.25e-03 8.80e-03 8.07e-03 7.29e-03
 18  23  6.92e-02 6.86e-02 6.86e-02 6.87e-02 6.93e-02 7.15e-02 7.49e-02 8.40e-02 1.06e-01 1.61e-01
 18  24  8.52e-02 8.62e-02 8.52e-02 8.29e-02 7.88e-02 7.22e-02 6.69e-02 5.94e-02 5.16e-02 4.57e-02
 18  25  6.89e-02 6.83e-02 6.84e-02 6.88e-02 7.00e-02 7.29e-02 7.70e-02 8.72e-02 1.11e-01 1.67e-01
 18  26  3.44e-02 3.40e-02 3.35e-02 3.25e-02 3.09e-02 2.81e-02 2.58e-02 2.23e-02 1.82e-02 1.41e-02
 18  27  5.17e-02 5.05e-02 4.78e-02 4.46e-02 4.01e-02 3.41e-02 2.97e-02 2.40e-02 1.82e-02 1.34e-02
 18  28  4.62e-02 4.53e-02 4.36e-02 4.14e-02 3.83e-02 3.40e-02 3.08e-02 2.63e-02 2.13e-02 1.61e-02
 18  29  4.99e-02 4.88e-02 4.65e-02 4.38e-02 3.98e-02 3.44e-02 3.06e-02 2.56e-02 2.09e-02 1.87e-02
 18  30  3.41e-01 3.36e-01 3.35e-01 3.35e-01 3.34e-01 3.33e-01 3.33e-01 3.33e-01 3.34e-01 3.41e-01
 18  31  1.59e-01 1.57e-01 1.57e-01 1.57e-01 1.56e-01 1.54e-01 1.53e-01 1.51e-01 1.48e-01 1.46e-01
 18  32  2.04e-01 2.01e-01 2.01e-01 2.01e-01 2.00e-01 2.00e-01 2.00e-01 2.00e-01 1.99e-01 1.99e-01
 18  33  2.46e+00 2.44e+00 2.42e+00 2.41e+00 2.40e+00 2.38e+00 2.37e+00 2.36e+00 2.36e+00 2.42e+00
 18  34  2.27e+00 2.25e+00 2.24e+00 2.24e+00 2.23e+00 2.22e+00 2.22e+00 2.21e+00 2.23e+00 2.31e+00
 18  35  1.96e-01 1.89e-01 1.88e-01 1.85e-01 1.77e-01 1.60e-01 1.44e-01 1.21e-01 9.46e-02 6.97e-02
 18  36  5.04e+00 4.90e+00 4.88e+00 4.86e+00 4.86e+00 4.88e+00 4.93e+00 5.05e+00 5.32e+00 5.91e+00
 18  37  2.76e+00 2.71e+00 2.71e+00 2.71e+00 2.71e+00 2.71e+00 2.72e+00 2.72e+00 2.74e+00 2.81e+00
 18  38  1.83e+00 1.80e+00 1.80e+00 1.80e+00 1.81e+00 1.82e+00 1.84e+00 1.87e+00 1.95e+00 2.15e+00
 19  20  2.29e+00 3.44e+00 3.51e+00 3.44e+00 3.32e+00 3.14e+00 3.01e+00 2.84e+00 2.64e+00 2.42e+00
 19  21  9.50e-02 1.50e-01 1.61e-01 1.66e-01 1.70e-01 1.75e-01 1.80e-01 1.89e-01 2.04e-01 2.28e-01
 19  22  1.10e-02 1.74e-02 1.87e-02 1.93e-02 1.97e-02 2.01e-02 2.04e-02 2.08e-02 2.15e-02 2.20e-02
 19  23  5.06e-01 5.01e-01 4.99e-01 4.97e-01 4.94e-01 4.86e-01 4.79e-01 4.67e-01 4.54e-01 4.59e-01
 19  24  2.79e+01 2.76e+01 2.76e+01 2.75e+01 2.74e+01 2.73e+01 2.72e+01 2.69e+01 2.64e+01 2.54e+01
 19  25  3.70e+00 3.66e+00 3.65e+00 3.65e+00 3.65e+00 3.64e+00 3.63e+00 3.61e+00 3.58e+00 3.49e+00
 19  26  3.32e-01 3.29e-01 3.28e-01 3.28e-01 3.27e-01 3.25e-01 3.23e-01 3.18e-01 3.11e-01 3.00e-01
 19  27  1.28e-01 1.27e-01 1.26e-01 1.26e-01 1.26e-01 1.27e-01 1.27e-01 1.27e-01 1.28e-01 1.29e-01
 19  28  2.18e-01 2.16e-01 2.15e-01 2.15e-01 2.15e-01 2.14e-01 2.14e-01 2.13e-01 2.11e-01 2.05e-01
 19  29  5.26e-02 5.21e-02 5.20e-02 5.20e-02 5.23e-02 5.27e-02 5.32e-02 5.41e-02 5.58e-02 5.98e-02
 19  30  1.70e-01 1.67e-01 1.67e-01 1.67e-01 1.67e-01 1.67e-01 1.66e-01 1.67e-01 1.69e-01 1.82e-01
 19  31  2.42e-01 2.38e-01 2.38e-01 2.38e-01 2.37e-01 2.36e-01 2.35e-01 2.33e-01 2.31e-01 2.39e-01
 19  32  2.79e-01 2.75e-01 2.75e-01 2.74e-01 2.74e-01 2.72e-01 2.71e-01 2.68e-01 2.66e-01 2.68e-01
 19  33  4.12e-01 4.06e-01 3.98e-01 3.89e-01 3.80e-01 3.71e-01 3.68e-01 3.70e-01 3.84e-01 4.27e-01
 19  34  9.45e-02 9.13e-02 8.93e-02 8.73e-02 8.48e-02 8.20e-02 8.06e-02 8.02e-02 8.31e-02 9.09e-02
 19  35  1.01e-02 9.55e-03 9.36e-03 9.18e-03 8.92e-03 8.63e-03 8.47e-03 8.46e-03 9.01e-03 1.03e-02
 19  36  2.19e-01 2.13e-01 2.11e-01 2.10e-01 2.08e-01 2.06e-01 2.04e-01 2.02e-01 2.00e-01 1.99e-01
 19  37  3.23e-01 3.17e-01 3.17e-01 3.17e-01 3.17e-01 3.18e-01 3.19e-01 3.21e-01 3.25e-01 3.38e-01
 19  38  1.37e-01 1.34e-01 1.34e-01 1.34e-01 1.35e-01 1.35e-01 1.36e-01 1.39e-01 1.43e-01 1.52e-01
 20  21  9.31e+00 1.47e+01 1.57e+01 1.61e+01 1.63e+01 1.62e+01 1.61e+01 1.57e+01 1.50e+01 1.38e+01
 20  22  1.36e+01 2.15e+01 2.31e+01 2.37e+01 2.41e+01 2.42e+01 2.41e+01 2.38e+01 2.31e+01 2.14e+01
 20  23  7.12e+00 7.05e+00 7.04e+00 7.02e+00 7.00e+00 6.95e+00 6.91e+00 6.82e+00 6.67e+00 6.39e+00
 20  24  5.37e+00 6.02e+00 6.14e+00 6.19e+00 6.20e+00 6.18e+00 6.15e+00 6.08e+00 5.96e+00 5.68e+00
 20  25  7.32e+00 7.25e+00 7.23e+00 7.22e+00 7.19e+00 7.13e+00 7.06e+00 6.91e+00 6.67e+00 6.34e+00
 20  26  5.20e+00 5.14e+00 5.12e+00 5.08e+00 5.01e+00 4.88e+00 4.76e+00 4.58e+00 4.39e+00 4.28e+00
 20  27  2.29e+00 2.27e+00 2.26e+00 2.25e+00 2.25e+00 2.26e+00 2.26e+00 2.26e+00 2.25e+00 2.22e+00
 20  28  1.91e+00 1.89e+00 1.88e+00 1.88e+00 1.87e+00 1.85e+00 1.83e+00 1.80e+00 1.76e+00 1.72e+00
 20  29  2.01e+00 1.99e+00 1.96e+00 1.94e+00 1.90e+00 1.83e+00 1.78e+00 1.70e+00 1.61e+00 1.51e+00
 20  30  3.62e-01 3.57e-01 3.53e-01 3.48e-01 3.42e-01 3.31e-01 3.21e-01 3.05e-01 2.85e-01 2.62e-01
 20  31  6.39e-01 6.31e-01 6.30e-01 6.30e-01 6.31e-01 6.33e-01 6.35e-01 6.40e-01 6.52e-01 6.83e-01
 20  32  5.88e-01 5.79e-01 5.79e-01 5.78e-01 5.78e-01 5.76e-01 5.75e-01 5.73e-01 5.70e-01 5.63e-01
 20  33  7.04e-01 6.93e-01 6.74e-01 6.56e-01 6.37e-01 6.25e-01 6.27e-01 6.50e-01 7.18e-01 8.98e-01
 20  34  4.79e-01 4.57e-01 4.48e-01 4.40e-01 4.29e-01 4.15e-01 4.05e-01 3.94e-01 3.88e-01 3.96e-01
 20  35  4.12e-02 3.91e-02 3.83e-02 3.75e-02 3.64e-02 3.49e-02 3.37e-02 3.23e-02 3.10e-02 3.10e-02
 20  36  1.58e-01 1.51e-01 1.49e-01 1.47e-01 1.45e-01 1.42e-01 1.40e-01 1.35e-01 1.28e-01 1.20e-01
 20  37  2.47e-01 2.43e-01 2.43e-01 2.43e-01 2.43e-01 2.44e-01 2.45e-01 2.48e-01 2.56e-01 2.78e-01
 20  38  3.83e-01 3.76e-01 3.76e-01 3.76e-01 3.76e-01 3.75e-01 3.75e-01 3.75e-01 3.74e-01 3.74e-01
 21  22  1.83e+01 2.88e+01 3.08e+01 3.15e+01 3.18e+01 3.19e+01 3.18e+01 3.15e+01 3.08e+01 2.96e+01
 21  23  1.83e+00 1.81e+00 1.81e+00 1.81e+00 1.80e+00 1.79e+00 1.78e+00 1.77e+00 1.74e+00 1.71e+00
 21  24  5.38e+00 8.40e+00 8.98e+00 9.18e+00 9.28e+00 9.28e+00 9.22e+00 9.07e+00 8.77e+00 8.21e+00
 21  25  9.97e-01 9.88e-01 9.86e-01 9.84e-01 9.80e-01 9.71e-01 9.62e-01 9.43e-01 9.20e-01 9.13e-01
 21  26  6.26e+00 6.19e+00 6.17e+00 6.14e+00 6.08e+00 5.97e+00 5.86e+00 5.67e+00 5.42e+00 5.10e+00
 21  27  3.24e+00 3.20e+00 3.18e+00 3.17e+00 3.15e+00 3.12e+00 3.09e+00 3.05e+00 3.00e+00 2.96e+00
 21  28  5.02e+00 4.97e+00 4.95e+00 4.93e+00 4.91e+00 4.88e+00 4.86e+00 4.81e+00 4.74e+00 4.66e+00
 21  29  5.93e+00 5.87e+00 5.84e+00 5.82e+00 5.80e+00 5.77e+00 5.73e+00 5.66e+00 5.55e+00 5.39e+00
 21  30  8.27e-01 8.18e-01 8.12e-01 8.07e-01 8.01e-01 7.91e-01 7.82e-01 7.66e-01 7.45e-01 7.12e-01
 21  31  7.16e-01 7.06e-01 7.06e-01 7.06e-01 7.06e-01 7.08e-01 7.10e-01 7.14e-01 7.23e-01 7.47e-01
 21  32  2.74e-01 2.70e-01 2.70e-01 2.70e-01 2.69e-01 2.69e-01 2.68e-01 2.66e-01 2.63e-01 2.57e-01
 21  33  2.67e-01 2.64e-01 2.61e-01 2.59e-01 2.57e-01 2.56e-01 2.56e-01 2.57e-01 2.61e-01 2.72e-01
 21  34  7.82e-01 7.49e-01 7.39e-01 7.31e-01 7.21e-01 7.10e-01 7.05e-01 7.07e-01 7.40e-01 8.49e-01
 21  35  1.13e-01 1.09e-01 1.08e-01 1.07e-01 1.06e-01 1.04e-01 1.03e-01 1.03e-01 1.08e-01 1.23e-01
 21  36  9.56e-02 9.31e-02 9.23e-02 9.14e-02 8.98e-02 8.65e-02 8.31e-02 7.74e-02 7.07e-02 6.85e-02
 21  37  1.54e-01 1.51e-01 1.51e-01 1.51e-01 1.50e-01 1.49e-01 1.48e-01 1.49e-01 1.55e-01 1.72e-01
 21  38  1.08e+00 1.06e+00 1.06e+00 1.06e+00 1.06e+00 1.06e+00 1.07e+00 1.08e+00 1.12e+00 1.26e+00
 22  23  1.60e-01 1.59e-01 1.59e-01 1.58e-01 1.58e-01 1.58e-01 1.57e-01 1.57e-01 1.56e-01 1.53e-01
 22  24  6.55e+00 1.00e+01 1.06e+01 1.08e+01 1.09e+01 1.09e+01 1.08e+01 1.06e+01 1.03e+01 9.81e+00
 22  25  1.02e-01 1.01e-01 1.01e-01 1.01e-01 1.01e-01 1.00e-01 9.97e-02 9.92e-02 9.91e-02 1.00e-01
 22  26  8.25e+00 8.17e+00 8.15e+00 8.13e+00 8.10e+00 8.04e+00 7.99e+00 7.89e+00 7.75e+00 7.54e+00
 22  27  2.55e+00 2.53e+00 2.51e+00 2.51e+00 2.50e+00 2.50e+00 2.49e+00 2.48e+00 2.47e+00 2.46e+00
 22  28  1.81e+00 1.79e+00 1.78e+00 1.78e+00 1.77e+00 1.76e+00 1.75e+00 1.73e+00 1.71e+00 1.71e+00
 22  29  6.12e+00 6.06e+00 6.03e+00 6.03e+00 6.03e+00 6.04e+00 6.04e+00 6.05e+00 6.06e+00 6.08e+00
 22  30  1.47e+00 1.46e+00 1.45e+00 1.45e+00 1.45e+00 1.45e+00 1.45e+00 1.45e+00 1.44e+00 1.42e+00
 22  31  3.25e-01 3.21e-01 3.20e-01 3.20e-01 3.20e-01 3.19e-01 3.18e-01 3.16e-01 3.12e-01 3.02e-01
 22  32  8.15e-02 8.04e-02 8.03e-02 8.02e-02 8.00e-02 7.97e-02 7.95e-02 7.92e-02 7.87e-02 7.77e-02
 22  33  2.38e-01 2.35e-01 2.33e-01 2.30e-01 2.27e-01 2.25e-01 2.25e-01 2.27e-01 2.33e-01 2.47e-01
 22  34  1.74e+00 1.69e+00 1.71e+00 1.72e+00 1.74e+00 1.77e+00 1.79e+00 1.83e+00 1.91e+00 2.09e+00
 22  35  1.61e-01 1.54e-01 1.53e-01 1.52e-01 1.51e-01 1.50e-01 1.49e-01 1.51e-01 1.61e-01 1.89e-01
 22  36  1.61e-02 1.55e-02 1.53e-02 1.51e-02 1.47e-02 1.43e-02 1.40e-02 1.35e-02 1.31e-02 1.37e-02
 22  37  1.23e-01 1.21e-01 1.21e-01 1.20e-01 1.20e-01 1.19e-01 1.18e-01 1.17e-01 1.18e-01 1.29e-01
 22  38  2.05e-01 2.02e-01 2.02e-01 2.02e-01 2.02e-01 2.02e-01 2.03e-01 2.08e-01 2.22e-01 2.62e-01
 23  24  0.00e+00 0.00e+00 0.00e+00 0.00e+00 0.00e+00 0.00e+00 0.00e+00 0.00e+00 0.00e+00 0.00e+00
 23  25  0.00e+00 0.00e+00 0.00e+00 0.00e+00 0.00e+00 0.00e+00 0.00e+00 0.00e+00 0.00e+00 0.00e+00
 23  26  2.82e+01 2.79e+01 2.78e+01 2.77e+01 2.76e+01 2.73e+01 2.69e+01 2.63e+01 2.53e+01 2.37e+01
 23  27  2.61e+00 2.59e+00 2.57e+00 2.57e+00 2.57e+00 2.57e+00 2.57e+00 2.58e+00 2.59e+00 2.60e+00
 23  28  6.31e+00 6.25e+00 6.23e+00 6.21e+00 6.19e+00 6.14e+00 6.09e+00 6.01e+00 5.88e+00 5.63e+00
 23  29  1.56e+00 1.55e+00 1.54e+00 1.53e+00 1.53e+00 1.52e+00 1.52e+00 1.52e+00 1.53e+00 1.56e+00
 23  30  1.19e+00 1.17e+00 1.17e+00 1.17e+00 1.17e+00 1.17e+00 1.17e+00 1.17e+00 1.17e+00 1.19e+00
 23  31  2.57e+00 2.54e+00 2.54e+00 2.53e+00 2.52e+00 2.50e+00 2.48e+00 2.44e+00 2.41e+00 2.40e+00
 23  32  2.13e+00 2.10e+00 2.09e+00 2.09e+00 2.07e+00 2.04e+00 2.01e+00 1.96e+00 1.90e+00 1.85e+00
 23  33  8.38e-01 8.28e-01 8.24e-01 8.22e-01 8.19e-01 8.17e-01 8.16e-01 8.17e-01 8.28e-01 8.60e-01
 23  34  3.39e-01 3.30e-01 3.31e-01 3.33e-01 3.35e-01 3.36e-01 3.37e-01 3.37e-01 3.35e-01 3.31e-01
 23  35  4.63e-02 4.48e-02 4.51e-02 4.54e-02 4.56e-02 4.57e-02 4.58e-02 4.58e-02 4.58e-02 4.57e-02
 23  36  2.62e-01 2.54e-01 2.51e-01 2.49e-01 2.46e-01 2.42e-01 2.39e-01 2.34e-01 2.31e-01 2.35e-01
 23  37  2.82e-01 2.77e-01 2.77e-01 2.77e-01 2.77e-01 2.77e-01 2.78e-01 2.80e-01 2.85e-01 2.98e-01
 23  38  3.35e-01 3.29e-01 3.29e-01 3.29e-01 3.29e-01 3.31e-01 3.32e-01 3.36e-01 3.44e-01 3.63e-01
 24  25  3.45e+00 3.41e+00 3.40e+00 3.39e+00 3.37e+00 3.33e+00 3.29e+00 3.21e+00 3.10e+00 2.95e+00
 24  26  8.80e-01 8.71e-01 8.70e-01 8.69e-01 8.68e-01 8.67e-01 8.66e-01 8.64e-01 8.61e-01 8.57e-01
 24  27  3.99e-01 3.96e-01 3.94e-01 3.94e-01 3.94e-01 3.95e-01 3.96e-01 3.99e-01 4.02e-01 4.06e-01
 24  28  2.43e+00 2.41e+00 2.41e+00 2.40e+00 2.40e+00 2.40e+00 2.40e+00 2.40e+00 2.39e+00 2.36e+00
 24  29  1.13e+00 1.12e+00 1.11e+00 1.11e+00 1.11e+00 1.11e+00 1.11e+00 1.11e+00 1.10e+00 1.08e+00
 24  30  1.49e+00 1.47e+00 1.47e+00 1.46e+00 1.46e+00 1.47e+00 1.47e+00 1.47e+00 1.47e+00 1.48e+00
 24  31  3.35e-01 3.30e-01 3.29e-01 3.29e-01 3.27e-01 3.27e-01 3.27e-01 3.30e-01 3.43e-01 3.80e-01
 24  32  2.00e-01 1.97e-01 1.97e-01 1.96e-01 1.96e-01 1.96e-01 1.96e-01 1.96e-01 1.97e-01 2.10e-01
 24  33  3.31e-01 3.27e-01 3.24e-01 3.22e-01 3.18e-01 3.14e-01 3.12e-01 3.09e-01 3.10e-01 3.18e-01
 24  34  2.99e-01 2.91e-01 2.95e-01 2.98e-01 3.02e-01 3.08e-01 3.13e-01 3.24e-01 3.45e-01 3.95e-01
 24  35  3.67e-01 3.57e-01 3.61e-01 3.66e-01 3.71e-01 3.78e-01 3.84e-01 3.94e-01 4.12e-01 4.54e-01
 24  36  5.67e-01 5.49e-01 5.45e-01 5.42e-01 5.40e-01 5.40e-01 5.44e-01 5.59e-01 6.00e-01 6.93e-01
 24  37  2.77e-01 2.72e-01 2.72e-01 2.72e-01 2.72e-01 2.73e-01 2.74e-01 2.76e-01 2.82e-01 2.95e-01
 24  38  1.68e-01 1.65e-01 1.65e-01 1.65e-01 1.66e-01 1.67e-01 1.69e-01 1.74e-01 1.82e-01 2.00e-01
 25  26  2.51e+01 2.49e+01 2.48e+01 2.48e+01 2.47e+01 2.46e+01 2.45e+01 2.44e+01 2.40e+01 2.31e+01
 25  27  6.15e-01 6.09e-01 6.07e-01 6.07e-01 6.09e-01 6.12e-01 6.16e-01 6.22e-01 6.35e-01 6.65e-01
 25  28  2.78e+00 2.76e+00 2.75e+00 2.74e+00 2.73e+00 2.72e+00 2.70e+00 2.68e+00 2.65e+00 2.58e+00
 25  29  2.17e-01 2.15e-01 2.13e-01 2.12e-01 2.11e-01 2.08e-01 2.05e-01 2.02e-01 1.98e-01 1.97e-01
 25  30  1.02e+00 1.00e+00 1.00e+00 9.98e-01 9.94e-01 9.88e-01 9.81e-01 9.71e-01 9.69e-01 1.00e+00
 25  31  1.63e+00 1.60e+00 1.60e+00 1.59e+00 1.58e+00 1.56e+00 1.54e+00 1.50e+00 1.45e+00 1.39e+00
 25  32  2.33e+00 2.30e+00 2.30e+00 2.29e+00 2.28e+00 2.27e+00 2.25e+00 2.21e+00 2.16e+00 2.08e+00
 25  33  7.43e-01 7.33e-01 7.22e-01 7.12e-01 7.00e-01 6.91e-01 6.89e-01 6.95e-01 7.22e-01 7.95e-01
 25  34  2.02e-01 1.95e-01 1.92e-01 1.90e-01 1.85e-01 1.80e-01 1.76e-01 1.73e-01 1.73e-01 1.80e-01
 25  35  3.17e-02 3.06e-02 3.07e-02 3.07e-02 3.05e-02 3.01e-02 2.97e-02 2.93e-02 2.96e-02 3.15e-02
 25  36  1.96e-01 1.90e-01 1.88e-01 1.87e-01 1.86e-01 1.84e-01 1.83e-01 1.82e-01 1.85e-01 1.97e-01
 25  37  2.80e-01 2.75e-01 2.75e-01 2.75e-01 2.75e-01 2.75e-01 2.75e-01 2.75e-01 2.78e-01 2.87e-01
 25  38  2.75e-01 2.70e-01 2.70e-01 2.70e-01 2.69e-01 2.69e-01 2.69e-01 2.71e-01 2.76e-01 2.90e-01
 26  27  1.48e+00 1.47e+00 1.46e+00 1.45e+00 1.45e+00 1.44e+00 1.43e+00 1.43e+00 1.43e+00 1.46e+00
 26  28  7.62e+00 7.55e+00 7.52e+00 7.50e+00 7.47e+00 7.40e+00 7.32e+00 7.18e+00 6.98e+00 6.72e+00
 26  29  1.25e+00 1.24e+00 1.23e+00 1.23e+00 1.23e+00 1.23e+00 1.23e+00 1.22e+00 1.22e+00 1.21e+00
 26  30  3.84e-01 3.79e-01 3.78e-01 3.78e-01 3.77e-01 3.77e-01 3.77e-01 3.77e-01 3.75e-01 3.69e-01
 26  31  1.86e+00 1.84e+00 1.84e+00 1.84e+00 1.84e+00 1.84e+00 1.84e+00 1.85e+00 1.87e+00 1.93e+00
 26  32  2.31e+00 2.28e+00 2.27e+00 2.27e+00 2.27e+00 2.26e+00 2.26e+00 2.26e+00 2.26e+00 2.29e+00
 26  33  5.62e-01 5.55e-01 5.52e-01 5.50e-01 5.46e-01 5.41e-01 5.36e-01 5.28e-01 5.21e-01 5.23e-01
 26  34  7.83e-01 7.63e-01 7.74e-01 7.85e-01 7.99e-01 8.17e-01 8.31e-01 8.57e-01 9.02e-01 9.98e-01
 26  35  8.38e-02 8.14e-02 8.23e-02 8.32e-02 8.43e-02 8.55e-02 8.65e-02 8.80e-02 9.05e-02 9.63e-02
 26  36  3.33e-01 3.12e-01 2.98e-01 2.86e-01 2.70e-01 2.52e-01 2.39e-01 2.23e-01 2.06e-01 1.89e-01
 26  37  3.48e-01 3.42e-01 3.42e-01 3.42e-01 3.41e-01 3.40e-01 3.39e-01 3.38e-01 3.41e-01 3.57e-01
 26  38  5.59e-01 5.49e-01 5.49e-01 5.49e-01 5.50e-01 5.52e-01 5.54e-01 5.59e-01 5.70e-01 5.98e-01
 27  28  0.00e+00 0.00e+00 0.00e+00 0.00e+00 0.00e+00 0.00e+00 0.00e+00 0.00e+00 0.00e+00 0.00e+00
 27  29  3.64e+01 3.61e+01 3.58e+01 3.57e+01 3.55e+01 3.52e+01 3.49e+01 3.43e+01 3.34e+01 3.17e+01
 27  30  8.40e+00 8.32e+00 8.27e+00 8.24e+00 8.21e+00 8.15e+00 8.09e+00 7.99e+00 7.83e+00 7.52e+00
 27  31  2.51e+00 2.47e+00 2.47e+00 2.46e+00 2.45e+00 2.42e+00 2.39e+00 2.34e+00 2.28e+00 2.25e+00
 27  32  1.12e+00 1.11e+00 1.11e+00 1.10e+00 1.10e+00 1.10e+00 1.11e+00 1.11e+00 1.12e+00 1.16e+00
 27  33  7.48e-01 7.40e-01 7.36e-01 7.34e-01 7.31e-01 7.26e-01 7.23e-01 7.19e-01 7.18e-01 7.27e-01
 27  34  9.32e-01 8.91e-01 8.80e-01 8.69e-01 8.55e-01 8.34e-01 8.19e-01 8.00e-01 7.83e-01 7.78e-01
 27  35  9.99e-02 9.59e-02 9.54e-02 9.50e-02 9.47e-02 9.46e-02 9.52e-02 9.81e-02 1.06e-01 1.25e-01
 27  36  1.38e-01 1.32e-01 1.30e-01 1.27e-01 1.23e-01 1.17e-01 1.11e-01 1.03e-01 9.81e-02 1.09e-01
 27  37  3.65e-01 3.59e-01 3.58e-01 3.58e-01 3.58e-01 3.57e-01 3.57e-01 3.56e-01 3.57e-01 3.68e-01
 27  38  7.98e-01 7.83e-01 7.83e-01 7.82e-01 7.82e-01 7.81e-01 7.80e-01 7.81e-01 7.89e-01 8.22e-01
 28  29  3.41e+01 3.37e+01 3.36e+01 3.35e+01 3.34e+01 3.32e+01 3.31e+01 3.28e+01 3.22e+01 3.07e+01
 28  30  3.66e+00 3.62e+00 3.61e+00 3.60e+00 3.58e+00 3.55e+00 3.51e+00 3.45e+00 3.37e+00 3.20e+00
 28  31  2.34e+00 2.30e+00 2.30e+00 2.29e+00 2.27e+00 2.23e+00 2.20e+00 2.14e+00 2.05e+00 1.94e+00
 28  32  2.16e+00 2.13e+00 2.13e+00 2.12e+00 2.12e+00 2.11e+00 2.11e+00 2.10e+00 2.08e+00 2.05e+00
 28  33  9.21e-01 9.10e-01 9.03e-01 8.99e-01 8.94e-01 8.95e-01 9.00e-01 9.16e-01 9.59e-01 1.06e+00
 28  34  3.79e-01 3.64e-01 3.60e-01 3.58e-01 3.57e-01 3.62e-01 3.72e-01 3.96e-01 4.47e-01 5.41e-01
 28  35  1.25e-01 1.22e-01 1.24e-01 1.27e-01 1.31e-01 1.37e-01 1.44e-01 1.57e-01 1.81e-01 2.25e-01
 28  36  2.13e-01 2.03e-01 1.98e-01 1.94e-01 1.88e-01 1.81e-01 1.76e-01 1.70e-01 1.67e-01 1.78e-01
 28  37  2.25e-01 2.21e-01 2.21e-01 2.21e-01 2.21e-01 2.21e-01 2.22e-01 2.22e-01 2.25e-01 2.33e-01
 28  38  3.90e-01 3.83e-01 3.83e-01 3.83e-01 3.83e-01 3.83e-01 3.84e-01 3.86e-01 3.92e-01 4.12e-01
 29  30  9.83e+00 9.73e+00 9.67e+00 9.62e+00 9.56e+00 9.44e+00 9.31e+00 9.08e+00 8.75e+00 8.28e+00
 29  31  5.76e+00 5.68e+00 5.67e+00 5.67e+00 5.67e+00 5.66e+00 5.66e+00 5.66e+00 5.67e+00 5.75e+00
 29  32  3.44e-01 3.40e-01 3.39e-01 3.39e-01 3.39e-01 3.39e-01 3.39e-01 3.39e-01 3.40e-01 3.41e-01
 29  33  5.44e-01 5.37e-01 5.34e-01 5.30e-01 5.25e-01 5.17e-01 5.10e-01 5.00e-01 4.91e-01 4.89e-01
 29  34  1.55e+00 1.50e+00 1.52e+00 1.53e+00 1.55e+00 1.57e+00 1.58e+00 1.60e+00 1.64e+00 1.72e+00
 29  35  2.06e-01 1.98e-01 1.96e-01 1.95e-01 1.94e-01 1.92e-01 1.90e-01 1.89e-01 1.88e-01 1.92e-01
 29  36  8.42e-02 8.21e-02 8.16e-02 8.11e-02 8.06e-02 8.01e-02 7.99e-02 8.01e-02 8.21e-02 9.01e-02
 29  37  1.81e-01 1.78e-01 1.78e-01 1.77e-01 1.76e-01 1.73e-01 1.70e-01 1.64e-01 1.59e-01 1.71e-01
 29  38  8.22e-01 8.07e-01 8.08e-01 8.10e-01 8.14e-01 8.26e-01 8.40e-01 8.72e-01 9.39e-01 1.08e+00
 30  31  1.90e+01 1.87e+01 1.87e+01 1.87e+01 1.86e+01 1.86e+01 1.85e+01 1.84e+01 1.81e+01 1.74e+01
 30  32  7.24e+00 7.14e+00 7.12e+00 7.09e+00 7.02e+00 6.90e+00 6.78e+00 6.58e+00 6.29e+00 5.88e+00
 30  33  2.21e+00 2.18e+00 2.18e+00 2.17e+00 2.17e+00 2.16e+00 2.15e+00 2.14e+00 2.11e+00 2.05e+00
 30  34  2.18e-01 2.11e-01 2.11e-01 2.11e-01 2.11e-01 2.11e-01 2.11e-01 2.11e-01 2.13e-01 2.20e-01
 30  35  2.39e-01 2.32e-01 2.34e-01 2.36e-01 2.38e-01 2.40e-01 2.42e-01 2.44e-01 2.48e-01 2.56e-01
 30  36  4.32e-01 4.21e-01 4.18e-01 4.16e-01 4.14e-01 4.13e-01 4.13e-01 4.14e-01 4.20e-01 4.39e-01
 30  37  3.94e-01 3.87e-01 3.87e-01 3.87e-01 3.87e-01 3.87e-01 3.88e-01 3.88e-01 3.91e-01 4.00e-01
 30  38  2.37e-01 2.33e-01 2.33e-01 2.33e-01 2.33e-01 2.33e-01 2.33e-01 2.33e-01 2.35e-01 2.40e-01
 31  32  0.00e+00 0.00e+00 0.00e+00 0.00e+00 0.00e+00 0.00e+00 0.00e+00 0.00e+00 0.00e+00 0.00e+00
 31  33  5.03e+00 4.96e+00 4.94e+00 4.92e+00 4.88e+00 4.80e+00 4.71e+00 4.58e+00 4.40e+00 4.20e+00
 31  34  5.35e-01 5.17e-01 5.16e-01 5.14e-01 5.12e-01 5.08e-01 5.05e-01 5.01e-01 4.99e-01 4.98e-01
 31  35  7.82e-02 7.51e-02 7.46e-02 7.41e-02 7.35e-02 7.25e-02 7.19e-02 7.14e-02 7.19e-02 7.45e-02
 31  36  1.08e+00 1.05e+00 1.04e+00 1.04e+00 1.03e+00 1.03e+00 1.03e+00 1.04e+00 1.06e+00 1.12e+00
 31  37  1.31e+00 1.29e+00 1.29e+00 1.29e+00 1.29e+00 1.30e+00 1.31e+00 1.34e+00 1.40e+00 1.54e+00
 31  38  5.59e-01 5.49e-01 5.49e-01 5.49e-01 5.50e-01 5.51e-01 5.53e-01 5.58e-01 5.68e-01 5.90e-01
 32  33  5.60e+00 5.52e+00 5.52e+00 5.51e+00 5.49e+00 5.45e+00 5.41e+00 5.36e+00 5.29e+00 5.15e+00
 32  34  2.83e-01 2.75e-01 2.76e-01 2.77e-01 2.77e-01 2.77e-01 2.77e-01 2.77e-01 2.78e-01 2.79e-01
 32  35  4.08e-02 3.95e-02 3.96e-02 3.97e-02 3.98e-02 3.98e-02 3.98e-02 3.98e-02 4.04e-02 4.16e-02
 32  36  8.09e-01 7.93e-01 8.00e-01 8.06e-01 8.13e-01 8.24e-01 8.34e-01 8.52e-01 8.89e-01 9.75e-01
 32  37  6.46e-01 6.34e-01 6.34e-01 6.33e-01 6.33e-01 6.32e-01 6.31e-01 6.31e-01 6.33e-01 6.38e-01
 32  38  4.88e-01 4.79e-01 4.79e-01 4.79e-01 4.80e-01 4.82e-01 4.85e-01 4.90e-01 5.02e-01 5.31e-01
 33  34  1.93e+01 1.86e+01 1.86e+01 1.86e+01 1.85e+01 1.85e+01 1.84e+01 1.82e+01 1.78e+01 1.67e+01
 33  35  1.89e+00 1.83e+00 1.83e+00 1.84e+00 1.84e+00 1.83e+00 1.82e+00 1.79e+00 1.72e+00 1.60e+00
 33  36  9.12e+00 8.93e+00 8.96e+00 8.98e+00 9.00e+00 9.00e+00 8.99e+00 8.96e+00 8.87e+00 8.64e+00
 33  37  7.06e+00 6.93e+00 6.92e+00 6.90e+00 6.86e+00 6.77e+00 6.70e+00 6.58e+00 6.46e+00 6.32e+00
 33  38  7.15e+00 7.02e+00 7.01e+00 7.00e+00 6.97e+00 6.93e+00 6.89e+00 6.82e+00 6.73e+00 6.55e+00
 34  35  7.39e+00 6.93e+00 6.67e+00 6.45e+00 6.18e+00 5.86e+00 5.63e+00 5.32e+00 4.96e+00 4.58e+00
 34  36  1.83e+00 1.75e+00 1.72e+00 1.70e+00 1.66e+00 1.62e+00 1.59e+00 1.56e+00 1.52e+00 1.49e+00
 34  37  1.42e+01 1.39e+01 1.39e+01 1.39e+01 1.39e+01 1.39e+01 1.39e+01 1.38e+01 1.38e+01 1.38e+01
 34  38  3.17e+01 3.11e+01 3.11e+01 3.11e+01 3.10e+01 3.10e+01 3.09e+01 3.08e+01 3.06e+01 3.00e+01
 35  36  1.46e-01 1.36e-01 1.29e-01 1.23e-01 1.16e-01 1.08e-01 1.02e-01 9.58e-02 9.07e-02 8.84e-02
 35  37  1.31e+00 1.29e+00 1.29e+00 1.29e+00 1.29e+00 1.29e+00 1.29e+00 1.29e+00 1.29e+00 1.28e+00
 35  38  4.40e+00 4.32e+00 4.32e+00 4.32e+00 4.31e+00 4.31e+00 4.30e+00 4.28e+00 4.24e+00 4.15e+00
 36  37  2.06e+01 2.02e+01 2.02e+01 2.02e+01 2.02e+01 2.01e+01 2.00e+01 1.99e+01 1.97e+01 1.93e+01
 36  38  3.19e+00 3.13e+00 3.13e+00 3.13e+00 3.13e+00 3.13e+00 3.13e+00 3.13e+00 3.15e+00 3.18e+00
 37  38  8.69e+00 8.53e+00 8.52e+00 8.48e+00 8.40e+00 8.23e+00 8.06e+00 7.74e+00 7.27e+00 6.64e+00
